Timestamp,RunIndex,ScenarioID,TotalAgents,VisibleSignCount,SignHeight,SignPositionX,SignPositionZ,SignOrientation,VcaAngle,VcaDistance,SignComprehensionTime,AgentID,AgentType,StartNode,GoalNode,Height,EyeHeight,TimeInVCA,TimesInVCA,SawSign,TotalNodesNavigated,NodesWithDetection,RDEffective
2026-03-06_21.49.02,269,sign-optimization-horizontal-vertical_scenario,561,127,3,4,6,90,90,15,1,155357,AdultFemaleAgent(Clone),11,10,1.58,1.450001,0,0,False,3,0,0
2026-03-06_21.49.02,269,sign-optimization-horizontal-vertical_scenario,561,127,3,4,6,90,90,15,1,155358,WheelchairAgent(Clone),6,12,1.3,1.17,2.526367,1,False,2,1,0.5
2026-03-06_21.49.02,269,sign-optimization-horizontal-vertical_scenario,561,127,3,4,6,90,90,15,1,155359,AdultFemaleAgent(Clone),7,11,1.58,1.450001,0,0,False,2,0,0
2026-03-06_21.49.02,269,sign-optimization-horizontal-vertical_scenario,561,127,3,4,6,90,90,15,1,155360,WheelchairAgent(Clone),5,10,1.3,1.17,6.393555,1,False,2,0,0
2026-03-06_21.49.02,269,sign-optimization-horizontal-vertical_scenario,561,127,3,4,6,90,90,15,1,155361,AdultMaleAgent(Clone),7,11,1.71,1.58,0,0,False,2,0,0
2026-03-06_21.49.02,269,sign-optimization-horizontal-vertical_scenario,561,127,3,4,6,90,90,15,1,155362,AdultFemaleAgent(Clone),11,10,1.58,1.450001,0,0,False,3,0,0
2026-03-06_21.49.02,269,sign-optimization-horizontal-vertical_scenario,561,127,3,4,6,90,90,15,1,155363,WheelchairAgent(Clone),10,12,1.3,1.17,2.078125,1,False,3,1,0.3333333
2026-03-06_21.49.02,269,sign-optimization-horizontal-vertical_scenario,561,127,3,4,6,90,90,15,1,155364,AdultFemaleAgent(Clone),11,10,1.58,1.450001,0.7753906,1,False,3,0,0
2026-03-06_21.49.02,269,sign-optimization-horizontal-vertical_scenario,561,127,3,4,6,90,90,15,1,155365,WheelchairAgent(Clone),5,10,1.3,1.17,4.267578,1,False,2,0,0
2026-03-06_21.49.02,269,sign-optimization-horizontal-vertical_scenario,561,127,3,4,6,90,90,15,1,155366,WheelchairAgent(Clone),7,11,1.3,1.17,0,0,False,2,0,0
2026-03-06_21.49.02,269,sign-optimization-horizontal-vertical_scenario,561,127,3,4,6,90,90,15,1,155367,AdultFemaleAgent(Clone),11,10,1.58,1.450001,0,0,False,3,0,0
2026-03-06_21.49.02,269,sign-optimization-horizontal-vertical_scenario,561,127,3,4,6,90,90,15,1,155368,WheelchairAgent(Clone),7,11,1.3,1.17,0.3457031,1,False,2,0,0
2026-03-06_21.49.02,269,sign-optimization-horizontal-vertical_scenario,561,127,3,4,6,90,90,15,1,155369,WheelchairAgent(Clone),6,12,1.3,1.17,2.322266,1,False,2,1,0.5
2026-03-06_21.49.02,269,sign-optimization-horizontal-vertical_scenario,561,127,3,4,6,90,90,15,1,155370,AdultMaleAgent(Clone),11,10,1.71,1.58,1.719727,1,False,3,0,0
2026-03-06_21.49.02,269,sign-optimization-horizontal-vertical_scenario,561,127,3,4,6,90,90,15,1,155371,WheelchairAgent(Clone),7,11,1.3,1.17,0.4863281,1,False,2,0,0
2026-03-06_21.49.02,269,sign-optimization-horizontal-vertical_scenario,561,127,3,4,6,90,90,15,1,155372,AdultFemaleAgent(Clone),7,11,1.58,1.450001,0,0,False,2,0,0
2026-03-06_21.49.02,269,sign-optimization-horizontal-vertical_scenario,561,127,3,4,6,90,90,15,1,155373,WheelchairAgent(Clone),10,12,1.3,1.17,9.161133,2,True,3,1,0.3333333
2026-03-06_21.49.02,269,sign-optimization-horizontal-vertical_scenario,561,127,3,4,6,90,90,15,1,155374,AdultFemaleAgent(Clone),7,11,1.58,1.450001,0.2910156,1,False,2,0,0
2026-03-06_21.49.02,269,sign-optimization-horizontal-vertical_scenario,561,127,3,4,6,90,90,15,1,155375,WheelchairAgent(Clone),5,10,1.3,1.17,0,0,False,2,0,0
2026-03-06_21.49.02,269,sign-optimization-horizontal-vertical_scenario,561,127,3,4,6,90,90,15,1,155376,AdultFemaleAgent(Clone),6,12,1.58,1.45,7.34668,1,True,2,1,0.5
2026-03-06_21.49.02,269,sign-optimization-horizontal-vertical_scenario,561,127,3,4,6,90,90,15,1,155377,AdultFemaleAgent(Clone),6,12,1.58,1.45,2.087891,1,False,2,1,0.5
2026-03-06_21.49.02,269,sign-optimization-horizontal-vertical_scenario,561,127,3,4,6,90,90,15,1,155378,AdultMaleAgent(Clone),5,10,1.71,1.58,4.87793,1,False,2,0,0
2026-03-06_21.49.02,269,sign-optimization-horizontal-vertical_scenario,561,127,3,4,6,90,90,15,1,155379,AdultMaleAgent(Clone),11,10,1.71,1.58,0,0,False,3,0,0
2026-03-06_21.49.02,269,sign-optimization-horizontal-vertical_scenario,561,127,3,4,6,90,90,15,1,155380,AdultMaleAgent(Clone),5,10,1.71,1.58,9.905273,1,False,2,1,0.5
2026-03-06_21.49.02,269,sign-optimization-horizontal-vertical_scenario,561,127,3,4,6,90,90,15,1,155381,WheelchairAgent(Clone),10,12,1.3,1.17,4.549805,1,True,3,1,0.3333333
2026-03-06_21.49.02,269,sign-optimization-horizontal-vertical_scenario,561,127,3,4,6,90,90,15,1,155382,AdultFemaleAgent(Clone),6,12,1.58,1.45,2.380859,1,False,2,1,0.5
2026-03-06_21.49.02,269,sign-optimization-horizontal-vertical_scenario,561,127,3,4,6,90,90,15,1,155383,AdultFemaleAgent(Clone),7,11,1.58,1.450001,0.4785156,1,False,2,0,0
2026-03-06_21.49.02,269,sign-optimization-horizontal-vertical_scenario,561,127,3,4,6,90,90,15,1,155384,WheelchairAgent(Clone),6,12,1.3,1.17,0,0,False,2,0,0
2026-03-06_21.49.02,269,sign-optimization-horizontal-vertical_scenario,561,127,3,4,6,90,90,15,1,155385,WheelchairAgent(Clone),7,11,1.3,1.17,0,0,False,2,0,0
2026-03-06_21.49.02,269,sign-optimization-horizontal-vertical_scenario,561,127,3,4,6,90,90,15,1,155386,AdultMaleAgent(Clone),5,10,1.71,1.58,9.489258,1,False,2,1,0.5
2026-03-06_21.49.02,269,sign-optimization-horizontal-vertical_scenario,561,127,3,4,6,90,90,15,1,155387,WheelchairAgent(Clone),5,10,1.3,1.17,7.992188,1,False,2,0,0
2026-03-06_21.49.02,269,sign-optimization-horizontal-vertical_scenario,561,127,3,4,6,90,90,15,1,155388,AdultMaleAgent(Clone),6,12,1.71,1.58,3.297852,1,False,2,1,0.5
2026-03-06_21.49.02,269,sign-optimization-horizontal-vertical_scenario,561,127,3,4,6,90,90,15,1,155389,AdultMaleAgent(Clone),7,11,1.71,1.58,0,0,False,2,0,0
2026-03-06_21.49.02,269,sign-optimization-horizontal-vertical_scenario,561,127,3,4,6,90,90,15,1,155390,AdultMaleAgent(Clone),11,10,1.71,1.58,0,0,False,3,0,0
2026-03-06_21.49.02,269,sign-optimization-horizontal-vertical_scenario,561,127,3,4,6,90,90,15,1,155391,AdultFemaleAgent(Clone),11,10,1.58,1.450001,0,0,False,3,0,0
2026-03-06_21.49.02,269,sign-optimization-horizontal-vertical_scenario,561,127,3,4,6,90,90,15,1,155392,WheelchairAgent(Clone),5,10,1.3,1.17,11.56348,1,False,2,1,0.5
2026-03-06_21.49.02,269,sign-optimization-horizontal-vertical_scenario,561,127,3,4,6,90,90,15,1,155393,AdultFemaleAgent(Clone),7,11,1.58,1.450001,0,0,False,2,0,0
2026-03-06_21.49.02,269,sign-optimization-horizontal-vertical_scenario,561,127,3,4,6,90,90,15,1,155394,AdultFemaleAgent(Clone),10,12,1.58,1.45,6.486328,1,True,3,1,0.3333333
2026-03-06_21.49.02,269,sign-optimization-horizontal-vertical_scenario,561,127,3,4,6,90,90,15,1,155395,AdultMaleAgent(Clone),7,11,1.71,1.58,0,0,False,2,0,0
2026-03-06_21.49.02,269,sign-optimization-horizontal-vertical_scenario,561,127,3,4,6,90,90,15,1,155396,AdultMaleAgent(Clone),5,10,1.71,1.58,4.694336,1,False,2,0,0
2026-03-06_21.49.02,269,sign-optimization-horizontal-vertical_scenario,561,127,3,4,6,90,90,15,1,155397,AdultFemaleAgent(Clone),10,12,1.58,1.45,5.168945,1,True,3,1,0.3333333
2026-03-06_21.49.02,269,sign-optimization-horizontal-vertical_scenario,561,127,3,4,6,90,90,15,1,155398,AdultMaleAgent(Clone),5,10,1.71,1.58,6.023438,1,False,2,0,0
2026-03-06_21.49.02,269,sign-optimization-horizontal-vertical_scenario,561,127,3,4,6,90,90,15,1,155399,AdultFemaleAgent(Clone),7,11,1.58,1.450001,0,0,False,2,0,0
2026-03-06_21.49.02,269,sign-optimization-horizontal-vertical_scenario,561,127,3,4,6,90,90,15,1,155400,AdultFemaleAgent(Clone),6,12,1.58,1.45,4.541016,1,False,2,1,0.5
2026-03-06_21.49.02,269,sign-optimization-horizontal-vertical_scenario,561,127,3,4,6,90,90,15,1,155401,AdultMaleAgent(Clone),7,11,1.71,1.58,0,0,False,2,0,0
2026-03-06_21.49.02,269,sign-optimization-horizontal-vertical_scenario,561,127,3,4,6,90,90,15,1,155402,AdultMaleAgent(Clone),5,10,1.71,1.58,1.551758,1,False,2,0,0
2026-03-06_21.49.02,269,sign-optimization-horizontal-vertical_scenario,561,127,3,4,6,90,90,15,1,155403,AdultMaleAgent(Clone),11,10,1.71,1.58,0,0,False,3,0,0
2026-03-06_21.49.02,269,sign-optimization-horizontal-vertical_scenario,561,127,3,4,6,90,90,15,1,155404,WheelchairAgent(Clone),6,12,1.3,1.17,7.009766,1,True,2,1,0.5
2026-03-06_21.49.02,269,sign-optimization-horizontal-vertical_scenario,561,127,3,4,6,90,90,15,1,155405,WheelchairAgent(Clone),6,12,1.3,1.17,4.017578,1,False,2,1,0.5
2026-03-06_21.49.02,269,sign-optimization-horizontal-vertical_scenario,561,127,3,4,6,90,90,15,1,155406,WheelchairAgent(Clone),6,12,1.3,1.17,1.353516,1,False,2,0,0
2026-03-06_21.49.02,269,sign-optimization-horizontal-vertical_scenario,561,127,3,4,6,90,90,15,1,155407,WheelchairAgent(Clone),11,10,1.3,1.17,0,0,False,3,0,0
2026-03-06_21.49.02,269,sign-optimization-horizontal-vertical_scenario,561,127,3,4,6,90,90,15,1,155408,WheelchairAgent(Clone),6,12,1.3,1.17,4.438477,1,False,2,1,0.5
2026-03-06_21.49.02,269,sign-optimization-horizontal-vertical_scenario,561,127,3,4,6,90,90,15,1,155409,AdultMaleAgent(Clone),11,10,1.71,1.58,0,0,False,3,0,0
2026-03-06_21.49.02,269,sign-optimization-horizontal-vertical_scenario,561,127,3,4,6,90,90,15,1,155410,WheelchairAgent(Clone),7,11,1.3,1.17,0,0,False,2,0,0
2026-03-06_21.49.02,269,sign-optimization-horizontal-vertical_scenario,561,127,3,4,6,90,90,15,1,155411,AdultFemaleAgent(Clone),6,12,1.58,1.45,3.277344,1,False,2,1,0.5
2026-03-06_21.49.02,269,sign-optimization-horizontal-vertical_scenario,561,127,3,4,6,90,90,15,1,155412,AdultMaleAgent(Clone),10,12,1.71,1.58,4.592773,1,True,3,1,0.3333333
2026-03-06_21.49.02,269,sign-optimization-horizontal-vertical_scenario,561,127,3,4,6,90,90,15,1,155413,AdultFemaleAgent(Clone),11,10,1.58,1.450001,0,0,False,3,0,0
2026-03-06_21.49.02,269,sign-optimization-horizontal-vertical_scenario,561,127,3,4,6,90,90,15,1,155414,AdultMaleAgent(Clone),5,10,1.71,1.58,6.827148,1,False,2,0,0
2026-03-06_21.49.02,269,sign-optimization-horizontal-vertical_scenario,561,127,3,4,6,90,90,15,1,155415,AdultMaleAgent(Clone),11,10,1.71,1.58,0.2539063,1,False,3,0,0
2026-03-06_21.49.02,269,sign-optimization-horizontal-vertical_scenario,561,127,3,4,6,90,90,15,1,155416,AdultFemaleAgent(Clone),10,12,1.58,1.45,3.862305,1,True,3,1,0.3333333
2026-03-06_21.49.02,269,sign-optimization-horizontal-vertical_scenario,561,127,3,4,6,90,90,15,1,155417,AdultFemaleAgent(Clone),6,12,1.58,1.45,6.496094,1,True,2,1,0.5
2026-03-06_21.49.02,269,sign-optimization-horizontal-vertical_scenario,561,127,3,4,6,90,90,15,1,155418,AdultMaleAgent(Clone),7,11,1.71,1.58,0.5957031,1,False,2,0,0
2026-03-06_21.49.02,269,sign-optimization-horizontal-vertical_scenario,561,127,3,4,6,90,90,15,1,155419,WheelchairAgent(Clone),11,10,1.3,1.17,0,0,False,3,0,0
2026-03-06_21.49.02,269,sign-optimization-horizontal-vertical_scenario,561,127,3,4,6,90,90,15,1,155420,WheelchairAgent(Clone),7,11,1.3,1.17,0,0,False,2,0,0
2026-03-06_21.49.02,269,sign-optimization-horizontal-vertical_scenario,561,127,3,4,6,90,90,15,1,155421,AdultFemaleAgent(Clone),5,10,1.58,1.45,8.588867,1,False,2,0,0
2026-03-06_21.49.02,269,sign-optimization-horizontal-vertical_scenario,561,127,3,4,6,90,90,15,1,155422,AdultFemaleAgent(Clone),11,10,1.58,1.450001,0,0,False,3,0,0
2026-03-06_21.49.02,269,sign-optimization-horizontal-vertical_scenario,561,127,3,4,6,90,90,15,1,155423,AdultMaleAgent(Clone),6,12,1.71,1.58,1.649414,1,False,2,0,0
2026-03-06_21.49.02,269,sign-optimization-horizontal-vertical_scenario,561,127,3,4,6,90,90,15,1,155424,WheelchairAgent(Clone),6,12,1.3,1.17,0,0,False,2,0,0
2026-03-06_21.49.02,269,sign-optimization-horizontal-vertical_scenario,561,127,3,4,6,90,90,15,1,155425,AdultMaleAgent(Clone),10,12,1.71,1.58,1.222656,2,True,3,1,0.3333333
2026-03-06_21.49.02,269,sign-optimization-horizontal-vertical_scenario,561,127,3,4,6,90,90,15,1,155426,AdultFemaleAgent(Clone),7,11,1.58,1.450001,0,0,False,2,0,0
2026-03-06_21.49.02,269,sign-optimization-horizontal-vertical_scenario,561,127,3,4,6,90,90,15,1,155427,AdultMaleAgent(Clone),10,12,1.71,1.58,4.719727,1,True,3,1,0.3333333
2026-03-06_21.49.02,269,sign-optimization-horizontal-vertical_scenario,561,127,3,4,6,90,90,15,1,155428,AdultFemaleAgent(Clone),11,10,1.58,1.450001,0.06152344,1,False,3,0,0
2026-03-06_21.49.02,269,sign-optimization-horizontal-vertical_scenario,561,127,3,4,6,90,90,15,1,155429,AdultFemaleAgent(Clone),11,10,1.58,1.450001,0,0,False,3,0,0
2026-03-06_21.49.02,269,sign-optimization-horizontal-vertical_scenario,561,127,3,4,6,90,90,15,1,155430,WheelchairAgent(Clone),6,12,1.3,1.17,3.885742,1,False,2,1,0.5
2026-03-06_21.49.02,269,sign-optimization-horizontal-vertical_scenario,561,127,3,4,6,90,90,15,1,155431,AdultFemaleAgent(Clone),6,12,1.58,1.45,0,0,False,2,0,0
2026-03-06_21.49.02,269,sign-optimization-horizontal-vertical_scenario,561,127,3,4,6,90,90,15,1,155432,AdultMaleAgent(Clone),10,12,1.71,1.58,5.672852,1,True,3,1,0.3333333
2026-03-06_21.49.02,269,sign-optimization-horizontal-vertical_scenario,561,127,3,4,6,90,90,15,1,155433,WheelchairAgent(Clone),7,11,1.3,1.17,0,0,False,2,0,0
2026-03-06_21.49.02,269,sign-optimization-horizontal-vertical_scenario,561,127,3,4,6,90,90,15,1,155434,WheelchairAgent(Clone),11,10,1.3,1.17,0,0,False,3,0,0
2026-03-06_21.49.02,269,sign-optimization-horizontal-vertical_scenario,561,127,3,4,6,90,90,15,1,155435,AdultMaleAgent(Clone),11,10,1.71,1.58,0,0,False,3,0,0
2026-03-06_21.49.02,269,sign-optimization-horizontal-vertical_scenario,561,127,3,4,6,90,90,15,1,155436,AdultFemaleAgent(Clone),5,10,1.58,1.45,2.47168,1,False,2,0,0
2026-03-06_21.49.02,269,sign-optimization-horizontal-vertical_scenario,561,127,3,4,6,90,90,15,1,155437,AdultMaleAgent(Clone),11,10,1.71,1.58,0,0,False,3,0,0
2026-03-06_21.49.02,269,sign-optimization-horizontal-vertical_scenario,561,127,3,4,6,90,90,15,1,155438,WheelchairAgent(Clone),7,11,1.3,1.17,0,0,False,2,0,0
2026-03-06_21.49.02,269,sign-optimization-horizontal-vertical_scenario,561,127,3,4,6,90,90,15,1,155439,AdultFemaleAgent(Clone),7,11,1.58,1.450001,0,0,False,2,0,0
2026-03-06_21.49.02,269,sign-optimization-horizontal-vertical_scenario,561,127,3,4,6,90,90,15,1,155440,AdultFemaleAgent(Clone),10,12,1.58,1.45,6.164063,1,True,3,1,0.3333333
2026-03-06_21.49.02,269,sign-optimization-horizontal-vertical_scenario,561,127,3,4,6,90,90,15,1,155441,WheelchairAgent(Clone),6,12,1.3,1.17,2.4375,1,False,2,0,0
2026-03-06_21.49.02,269,sign-optimization-horizontal-vertical_scenario,561,127,3,4,6,90,90,15,1,155442,AdultFemaleAgent(Clone),10,12,1.58,1.45,4.053711,1,True,3,1,0.3333333
2026-03-06_21.49.02,269,sign-optimization-horizontal-vertical_scenario,561,127,3,4,6,90,90,15,1,155443,AdultMaleAgent(Clone),5,10,1.71,1.58,10.85449,1,False,2,0,0
2026-03-06_21.49.02,269,sign-optimization-horizontal-vertical_scenario,561,127,3,4,6,90,90,15,1,155444,AdultFemaleAgent(Clone),5,10,1.58,1.45,6.532227,1,False,2,0,0
2026-03-06_21.49.02,269,sign-optimization-horizontal-vertical_scenario,561,127,3,4,6,90,90,15,1,155445,AdultFemaleAgent(Clone),11,10,1.58,1.450001,0,0,False,3,0,0
2026-03-06_21.49.02,269,sign-optimization-horizontal-vertical_scenario,561,127,3,4,6,90,90,15,1,155446,AdultMaleAgent(Clone),6,12,1.71,1.58,0,0,False,2,0,0
2026-03-06_21.49.02,269,sign-optimization-horizontal-vertical_scenario,561,127,3,4,6,90,90,15,1,155447,AdultMaleAgent(Clone),7,11,1.71,1.58,0,0,False,2,0,0
2026-03-06_21.49.02,269,sign-optimization-horizontal-vertical_scenario,561,127,3,4,6,90,90,15,1,155448,AdultFemaleAgent(Clone),7,11,1.58,1.450001,0,0,False,2,0,0
2026-03-06_21.49.02,269,sign-optimization-horizontal-vertical_scenario,561,127,3,4,6,90,90,15,1,155449,WheelchairAgent(Clone),7,11,1.3,1.17,0,0,False,2,0,0
2026-03-06_21.49.02,269,sign-optimization-horizontal-vertical_scenario,561,127,3,4,6,90,90,15,1,155450,AdultFemaleAgent(Clone),6,12,1.58,1.45,0,0,False,2,0,0
2026-03-06_21.49.02,269,sign-optimization-horizontal-vertical_scenario,561,127,3,4,6,90,90,15,1,155451,AdultMaleAgent(Clone),11,10,1.71,1.58,0,0,False,3,0,0
2026-03-06_21.49.02,269,sign-optimization-horizontal-vertical_scenario,561,127,3,4,6,90,90,15,1,155452,AdultMaleAgent(Clone),6,12,1.71,1.58,2.19043,1,False,2,0,0
2026-03-06_21.49.02,269,sign-optimization-horizontal-vertical_scenario,561,127,3,4,6,90,90,15,1,155453,AdultFemaleAgent(Clone),7,11,1.58,1.450001,0,0,False,2,0,0
2026-03-06_21.49.02,269,sign-optimization-horizontal-vertical_scenario,561,127,3,4,6,90,90,15,1,155454,WheelchairAgent(Clone),10,12,1.3,1.17,5.761719,1,True,3,1,0.3333333
2026-03-06_21.49.02,269,sign-optimization-horizontal-vertical_scenario,561,127,3,4,6,90,90,15,1,155455,AdultMaleAgent(Clone),6,12,1.71,1.58,4.536133,1,False,2,1,0.5
2026-03-06_21.49.02,269,sign-optimization-horizontal-vertical_scenario,561,127,3,4,6,90,90,15,1,155456,AdultFemaleAgent(Clone),10,12,1.58,1.45,4.745117,1,True,3,1,0.3333333
2026-03-06_21.49.02,269,sign-optimization-horizontal-vertical_scenario,561,127,3,4,6,90,90,15,1,155457,AdultMaleAgent(Clone),10,12,1.71,1.58,5.368164,1,True,3,1,0.3333333
2026-03-06_21.49.02,269,sign-optimization-horizontal-vertical_scenario,561,127,3,4,6,90,90,15,1,155458,AdultFemaleAgent(Clone),6,12,1.58,1.45,2.90625,1,False,2,1,0.5
2026-03-06_21.49.02,269,sign-optimization-horizontal-vertical_scenario,561,127,3,4,6,90,90,15,1,155459,WheelchairAgent(Clone),5,10,1.3,1.17,0,0,False,2,0,0
2026-03-06_21.49.02,269,sign-optimization-horizontal-vertical_scenario,561,127,3,4,6,90,90,15,1,155460,AdultMaleAgent(Clone),11,10,1.71,1.58,0,0,False,3,0,0
2026-03-06_21.49.02,269,sign-optimization-horizontal-vertical_scenario,561,127,3,4,6,90,90,15,1,155461,AdultFemaleAgent(Clone),10,12,1.58,1.45,4.87207,1,True,3,1,0.3333333
2026-03-06_21.49.02,269,sign-optimization-horizontal-vertical_scenario,561,127,3,4,6,90,90,15,1,155462,AdultFemaleAgent(Clone),6,12,1.58,1.45,4.78418,1,False,2,1,0.5
2026-03-06_21.49.02,269,sign-optimization-horizontal-vertical_scenario,561,127,3,4,6,90,90,15,1,155463,AdultFemaleAgent(Clone),10,12,1.58,1.45,3.833008,1,True,3,1,0.3333333
2026-03-06_21.49.02,269,sign-optimization-horizontal-vertical_scenario,561,127,3,4,6,90,90,15,1,155464,WheelchairAgent(Clone),5,10,1.3,1.17,6.34082,1,False,2,0,0
2026-03-06_21.49.02,269,sign-optimization-horizontal-vertical_scenario,561,127,3,4,6,90,90,15,1,155465,WheelchairAgent(Clone),11,10,1.3,1.17,0,0,False,3,0,0
2026-03-06_21.49.02,269,sign-optimization-horizontal-vertical_scenario,561,127,3,4,6,90,90,15,1,155466,WheelchairAgent(Clone),11,10,1.3,1.17,4.207031,1,False,3,0,0
2026-03-06_21.49.02,269,sign-optimization-horizontal-vertical_scenario,561,127,3,4,6,90,90,15,1,155467,WheelchairAgent(Clone),7,11,1.3,1.17,0,0,False,2,0,0
2026-03-06_21.49.02,269,sign-optimization-horizontal-vertical_scenario,561,127,3,4,6,90,90,15,1,155468,AdultMaleAgent(Clone),11,10,1.71,1.58,0,0,False,3,0,0
2026-03-06_21.49.02,269,sign-optimization-horizontal-vertical_scenario,561,127,3,4,6,90,90,15,1,155469,AdultMaleAgent(Clone),7,11,1.71,1.58,2.585938,1,False,2,0,0
2026-03-06_21.49.02,269,sign-optimization-horizontal-vertical_scenario,561,127,3,4,6,90,90,15,1,155470,AdultMaleAgent(Clone),7,11,1.71,1.58,0,0,False,2,0,0
2026-03-06_21.49.02,269,sign-optimization-horizontal-vertical_scenario,561,127,3,4,6,90,90,15,1,155471,AdultMaleAgent(Clone),6,12,1.71,1.58,6.43457,1,True,2,1,0.5
2026-03-06_21.49.02,269,sign-optimization-horizontal-vertical_scenario,561,127,3,4,6,90,90,15,1,155472,AdultMaleAgent(Clone),5,10,1.71,1.58,5.067383,1,False,2,0,0
2026-03-06_21.49.02,269,sign-optimization-horizontal-vertical_scenario,561,127,3,4,6,90,90,15,1,155473,WheelchairAgent(Clone),10,12,1.3,1.17,5.564453,1,False,3,1,0.3333333
2026-03-06_21.49.02,269,sign-optimization-horizontal-vertical_scenario,561,127,3,4,6,90,90,15,1,155474,AdultFemaleAgent(Clone),6,12,1.58,1.45,0,0,False,2,0,0
2026-03-06_21.49.02,269,sign-optimization-horizontal-vertical_scenario,561,127,3,4,6,90,90,15,1,155475,AdultMaleAgent(Clone),6,12,1.71,1.58,2.243164,1,False,2,1,0.5
2026-03-06_21.49.02,269,sign-optimization-horizontal-vertical_scenario,561,127,3,4,6,90,90,15,1,155476,AdultFemaleAgent(Clone),11,10,1.58,1.450001,0,0,False,3,0,0
2026-03-06_21.49.02,269,sign-optimization-horizontal-vertical_scenario,561,127,3,4,6,90,90,15,1,155477,WheelchairAgent(Clone),10,12,1.3,1.17,2.168945,1,False,3,1,0.3333333
2026-03-06_21.49.02,269,sign-optimization-horizontal-vertical_scenario,561,127,3,4,6,90,90,15,1,155478,WheelchairAgent(Clone),5,10,1.3,1.17,7.883789,1,False,2,0,0
2026-03-06_21.49.02,269,sign-optimization-horizontal-vertical_scenario,561,127,3,4,6,90,90,15,1,155479,WheelchairAgent(Clone),7,11,1.3,1.17,0,0,False,2,0,0
2026-03-06_21.49.02,269,sign-optimization-horizontal-vertical_scenario,561,127,3,4,6,90,90,15,1,155480,WheelchairAgent(Clone),11,10,1.3,1.17,0,0,False,3,0,0
2026-03-06_21.49.02,269,sign-optimization-horizontal-vertical_scenario,561,127,3,4,6,90,90,15,1,155481,AdultMaleAgent(Clone),10,12,1.71,1.58,6.466797,1,True,3,1,0.3333333
2026-03-06_21.49.02,269,sign-optimization-horizontal-vertical_scenario,561,127,3,4,6,90,90,15,1,155482,AdultMaleAgent(Clone),5,10,1.71,1.58,10.15234,1,False,2,0,0
2026-03-06_21.49.02,269,sign-optimization-horizontal-vertical_scenario,561,127,3,4,6,90,90,15,1,155483,AdultMaleAgent(Clone),5,10,1.71,1.58,7.360352,1,False,2,0,0
2026-03-06_21.49.02,269,sign-optimization-horizontal-vertical_scenario,561,127,3,4,6,90,90,15,1,155484,WheelchairAgent(Clone),5,10,1.3,1.17,6.071289,1,False,2,0,0
2026-03-06_21.49.02,269,sign-optimization-horizontal-vertical_scenario,561,127,3,4,6,90,90,15,1,155485,AdultMaleAgent(Clone),10,12,1.71,1.58,5.476563,1,True,3,1,0.3333333
2026-03-06_21.49.02,269,sign-optimization-horizontal-vertical_scenario,561,127,3,4,6,90,90,15,1,155486,AdultMaleAgent(Clone),10,12,1.71,1.58,3.136719,1,True,3,1,0.3333333
2026-03-06_21.49.02,269,sign-optimization-horizontal-vertical_scenario,561,127,3,4,6,90,90,15,1,155487,AdultMaleAgent(Clone),7,11,1.71,1.58,0,0,False,2,0,0
2026-03-06_21.49.02,269,sign-optimization-horizontal-vertical_scenario,561,127,3,4,6,90,90,15,1,155488,WheelchairAgent(Clone),5,10,1.3,1.17,10.52148,1,False,2,1,0.5
2026-03-06_21.49.02,269,sign-optimization-horizontal-vertical_scenario,561,127,3,4,6,90,90,15,1,155489,AdultFemaleAgent(Clone),6,12,1.58,1.45,2.978516,1,False,2,1,0.5
2026-03-06_21.49.02,269,sign-optimization-horizontal-vertical_scenario,561,127,3,4,6,90,90,15,1,155490,WheelchairAgent(Clone),7,11,1.3,1.17,2.350586,2,True,2,1,0.5
2026-03-06_21.49.02,269,sign-optimization-horizontal-vertical_scenario,561,127,3,4,6,90,90,15,1,155491,AdultMaleAgent(Clone),11,10,1.71,1.58,0,0,False,3,0,0
2026-03-06_21.49.02,269,sign-optimization-horizontal-vertical_scenario,561,127,3,4,6,90,90,15,1,155492,WheelchairAgent(Clone),10,12,1.3,1.17,2.974609,1,True,3,1,0.3333333
2026-03-06_21.49.02,269,sign-optimization-horizontal-vertical_scenario,561,127,3,4,6,90,90,15,1,155493,AdultMaleAgent(Clone),7,11,1.71,1.58,0,0,False,2,0,0
2026-03-06_21.49.02,269,sign-optimization-horizontal-vertical_scenario,561,127,3,4,6,90,90,15,1,155494,AdultMaleAgent(Clone),6,12,1.71,1.58,7.929688,1,True,2,1,0.5
2026-03-06_21.49.02,269,sign-optimization-horizontal-vertical_scenario,561,127,3,4,6,90,90,15,1,155495,AdultMaleAgent(Clone),10,12,1.71,1.58,7.012695,1,True,3,1,0.3333333
2026-03-06_21.49.02,269,sign-optimization-horizontal-vertical_scenario,561,127,3,4,6,90,90,15,1,155496,AdultFemaleAgent(Clone),11,10,1.58,1.450001,1.582031,1,True,3,1,0.3333333
2026-03-06_21.49.02,269,sign-optimization-horizontal-vertical_scenario,561,127,3,4,6,90,90,15,1,155497,WheelchairAgent(Clone),7,11,1.3,1.17,0,0,False,2,0,0
2026-03-06_21.49.02,269,sign-optimization-horizontal-vertical_scenario,561,127,3,4,6,90,90,15,1,155498,WheelchairAgent(Clone),6,12,1.3,1.17,5.829102,1,False,2,1,0.5
2026-03-06_21.49.02,269,sign-optimization-horizontal-vertical_scenario,561,127,3,4,6,90,90,15,1,155499,WheelchairAgent(Clone),10,12,1.3,1.17,5.390625,1,False,3,1,0.3333333
2026-03-06_21.49.02,269,sign-optimization-horizontal-vertical_scenario,561,127,3,4,6,90,90,15,1,155500,AdultFemaleAgent(Clone),7,11,1.58,1.450001,0,0,False,2,0,0
2026-03-06_21.49.02,269,sign-optimization-horizontal-vertical_scenario,561,127,3,4,6,90,90,15,1,155501,AdultFemaleAgent(Clone),6,12,1.58,1.45,4.783203,1,True,2,1,0.5
2026-03-06_21.49.02,269,sign-optimization-horizontal-vertical_scenario,561,127,3,4,6,90,90,15,1,155502,AdultFemaleAgent(Clone),10,12,1.58,1.45,6.463867,1,True,3,1,0.3333333
2026-03-06_21.49.02,269,sign-optimization-horizontal-vertical_scenario,561,127,3,4,6,90,90,15,1,155503,AdultFemaleAgent(Clone),6,12,1.58,1.45,3.861328,1,False,2,1,0.5
2026-03-06_21.49.02,269,sign-optimization-horizontal-vertical_scenario,561,127,3,4,6,90,90,15,1,155504,AdultMaleAgent(Clone),5,10,1.71,1.58,0,0,False,2,0,0
2026-03-06_21.49.02,269,sign-optimization-horizontal-vertical_scenario,561,127,3,4,6,90,90,15,1,155505,AdultFemaleAgent(Clone),6,12,1.58,1.45,4.145508,1,False,2,1,0.5
2026-03-06_21.49.02,269,sign-optimization-horizontal-vertical_scenario,561,127,3,4,6,90,90,15,1,155506,AdultMaleAgent(Clone),5,10,1.71,1.58,6.103516,1,False,2,0,0
2026-03-06_21.49.02,269,sign-optimization-horizontal-vertical_scenario,561,127,3,4,6,90,90,15,1,155507,AdultFemaleAgent(Clone),7,11,1.58,1.450001,0,0,False,2,0,0
2026-03-06_21.49.02,269,sign-optimization-horizontal-vertical_scenario,561,127,3,4,6,90,90,15,1,155508,AdultFemaleAgent(Clone),5,10,1.58,1.45,2.291992,1,False,2,0,0
2026-03-06_21.49.02,269,sign-optimization-horizontal-vertical_scenario,561,127,3,4,6,90,90,15,1,155509,WheelchairAgent(Clone),6,12,1.3,1.17,0,0,False,2,0,0
2026-03-06_21.49.02,269,sign-optimization-horizontal-vertical_scenario,561,127,3,4,6,90,90,15,1,155510,AdultMaleAgent(Clone),11,10,1.71,1.58,0,0,False,3,0,0
2026-03-06_21.49.02,269,sign-optimization-horizontal-vertical_scenario,561,127,3,4,6,90,90,15,1,155511,AdultMaleAgent(Clone),6,12,1.71,1.58,4.476563,1,False,2,1,0.5
2026-03-06_21.49.02,269,sign-optimization-horizontal-vertical_scenario,561,127,3,4,6,90,90,15,1,155512,AdultFemaleAgent(Clone),11,10,1.58,1.450001,6.448242,2,True,3,1,0.3333333
2026-03-06_21.49.02,269,sign-optimization-horizontal-vertical_scenario,561,127,3,4,6,90,90,15,1,155513,WheelchairAgent(Clone),5,10,1.3,1.17,0,0,False,2,0,0
2026-03-06_21.49.02,269,sign-optimization-horizontal-vertical_scenario,561,127,3,4,6,90,90,15,1,155514,AdultFemaleAgent(Clone),6,12,1.58,1.45,6.261719,1,False,2,1,0.5
2026-03-06_21.49.02,269,sign-optimization-horizontal-vertical_scenario,561,127,3,4,6,90,90,15,1,155515,WheelchairAgent(Clone),5,10,1.3,1.17,8.570313,1,False,2,0,0
2026-03-06_21.49.02,269,sign-optimization-horizontal-vertical_scenario,561,127,3,4,6,90,90,15,1,155516,AdultMaleAgent(Clone),11,10,1.71,1.58,3.02832,1,True,3,1,0.3333333
2026-03-06_21.49.02,269,sign-optimization-horizontal-vertical_scenario,561,127,3,4,6,90,90,15,1,155517,WheelchairAgent(Clone),11,10,1.3,1.17,0,0,False,3,0,0
2026-03-06_21.49.02,269,sign-optimization-horizontal-vertical_scenario,561,127,3,4,6,90,90,15,1,155518,WheelchairAgent(Clone),11,10,1.3,1.17,0,0,False,3,0,0
2026-03-06_21.49.02,269,sign-optimization-horizontal-vertical_scenario,561,127,3,4,6,90,90,15,1,155519,AdultFemaleAgent(Clone),5,10,1.58,1.45,5.797852,1,False,2,0,0
2026-03-06_21.49.02,269,sign-optimization-horizontal-vertical_scenario,561,127,3,4,6,90,90,15,1,155520,AdultFemaleAgent(Clone),5,10,1.58,1.45,1.332031,1,False,2,0,0
2026-03-06_21.49.02,269,sign-optimization-horizontal-vertical_scenario,561,127,3,4,6,90,90,15,1,155521,WheelchairAgent(Clone),10,12,1.3,1.17,2.477539,1,True,3,1,0.3333333
2026-03-06_21.49.02,269,sign-optimization-horizontal-vertical_scenario,561,127,3,4,6,90,90,15,1,155522,AdultMaleAgent(Clone),11,10,1.71,1.58,2.288086,1,True,3,1,0.3333333
2026-03-06_21.49.02,269,sign-optimization-horizontal-vertical_scenario,561,127,3,4,6,90,90,15,1,155523,WheelchairAgent(Clone),7,11,1.3,1.17,0,0,False,2,0,0
2026-03-06_21.49.02,269,sign-optimization-horizontal-vertical_scenario,561,127,3,4,6,90,90,15,1,155524,WheelchairAgent(Clone),11,10,1.3,1.17,3.558594,1,True,3,1,0.3333333
2026-03-06_21.49.02,269,sign-optimization-horizontal-vertical_scenario,561,127,3,4,6,90,90,15,1,155525,WheelchairAgent(Clone),10,12,1.3,1.17,5.862305,1,True,3,1,0.3333333
2026-03-06_21.49.02,269,sign-optimization-horizontal-vertical_scenario,561,127,3,4,6,90,90,15,1,155526,AdultMaleAgent(Clone),10,12,1.71,1.58,4.149414,1,True,3,1,0.3333333
2026-03-06_21.49.02,269,sign-optimization-horizontal-vertical_scenario,561,127,3,4,6,90,90,15,1,155527,AdultMaleAgent(Clone),11,10,1.71,1.58,1.424805,1,False,3,1,0.3333333
2026-03-06_21.49.02,269,sign-optimization-horizontal-vertical_scenario,561,127,3,4,6,90,90,15,1,155528,WheelchairAgent(Clone),10,12,1.3,1.17,2.620117,1,True,3,1,0.3333333
2026-03-06_21.49.02,269,sign-optimization-horizontal-vertical_scenario,561,127,3,4,6,90,90,15,1,155529,AdultMaleAgent(Clone),6,12,1.71,1.58,3.057617,1,False,2,1,0.5
2026-03-06_21.49.02,269,sign-optimization-horizontal-vertical_scenario,561,127,3,4,6,90,90,15,1,155530,AdultFemaleAgent(Clone),11,10,1.58,1.450001,2.773438,1,True,3,1,0.3333333
2026-03-06_21.49.02,269,sign-optimization-horizontal-vertical_scenario,561,127,3,4,6,90,90,15,1,155531,AdultMaleAgent(Clone),11,10,1.71,1.58,7.978516,2,True,3,1,0.3333333
2026-03-06_21.49.02,269,sign-optimization-horizontal-vertical_scenario,561,127,3,4,6,90,90,15,1,155532,AdultFemaleAgent(Clone),11,10,1.58,1.450001,1.628906,1,True,3,1,0.3333333
2026-03-06_21.49.02,269,sign-optimization-horizontal-vertical_scenario,561,127,3,4,6,90,90,15,1,155533,WheelchairAgent(Clone),7,11,1.3,1.17,0,0,False,2,0,0
2026-03-06_21.49.02,269,sign-optimization-horizontal-vertical_scenario,561,127,3,4,6,90,90,15,1,155534,AdultFemaleAgent(Clone),5,10,1.58,1.45,7.141602,1,False,2,0,0
2026-03-06_21.49.02,269,sign-optimization-horizontal-vertical_scenario,561,127,3,4,6,90,90,15,1,155535,AdultFemaleAgent(Clone),10,12,1.58,1.45,4.916016,1,True,3,1,0.3333333
2026-03-06_21.49.02,269,sign-optimization-horizontal-vertical_scenario,561,127,3,4,6,90,90,15,1,155536,AdultFemaleAgent(Clone),5,10,1.58,1.45,8.554688,1,False,2,0,0
2026-03-06_21.49.02,269,sign-optimization-horizontal-vertical_scenario,561,127,3,4,6,90,90,15,1,155537,AdultFemaleAgent(Clone),5,10,1.58,1.45,10.03613,1,False,2,1,0.5
2026-03-06_21.49.02,269,sign-optimization-horizontal-vertical_scenario,561,127,3,4,6,90,90,15,1,155538,AdultFemaleAgent(Clone),11,10,1.58,1.450001,1.307617,1,False,3,1,0.3333333
2026-03-06_21.49.02,269,sign-optimization-horizontal-vertical_scenario,561,127,3,4,6,90,90,15,1,155539,AdultMaleAgent(Clone),5,10,1.71,1.58,0,0,False,2,0,0
2026-03-06_21.49.02,269,sign-optimization-horizontal-vertical_scenario,561,127,3,4,6,90,90,15,1,155540,WheelchairAgent(Clone),5,10,1.3,1.17,0,0,False,2,0,0
2026-03-06_21.49.02,269,sign-optimization-horizontal-vertical_scenario,561,127,3,4,6,90,90,15,1,155541,AdultFemaleAgent(Clone),10,12,1.58,1.45,5.398438,1,True,3,1,0.3333333
2026-03-06_21.49.02,269,sign-optimization-horizontal-vertical_scenario,561,127,3,4,6,90,90,15,1,155542,WheelchairAgent(Clone),7,11,1.3,1.17,0,0,False,2,0,0
2026-03-06_21.49.02,269,sign-optimization-horizontal-vertical_scenario,561,127,3,4,6,90,90,15,1,155543,AdultFemaleAgent(Clone),5,10,1.58,1.45,8.520508,1,False,2,0,0
2026-03-06_21.49.02,269,sign-optimization-horizontal-vertical_scenario,561,127,3,4,6,90,90,15,1,155544,AdultMaleAgent(Clone),11,10,1.71,1.58,7.511719,2,True,3,1,0.3333333
2026-03-06_21.49.02,269,sign-optimization-horizontal-vertical_scenario,561,127,3,4,6,90,90,15,1,155545,WheelchairAgent(Clone),6,12,1.3,1.17,6.466797,1,True,2,1,0.5
2026-03-06_21.49.02,269,sign-optimization-horizontal-vertical_scenario,561,127,3,4,6,90,90,15,1,155546,WheelchairAgent(Clone),10,12,1.3,1.17,3.672852,1,True,3,1,0.3333333
2026-03-06_21.49.02,269,sign-optimization-horizontal-vertical_scenario,561,127,3,4,6,90,90,15,1,155547,AdultFemaleAgent(Clone),6,12,1.58,1.45,1.359375,1,False,2,0,0
2026-03-06_21.49.02,269,sign-optimization-horizontal-vertical_scenario,561,127,3,4,6,90,90,15,1,155548,WheelchairAgent(Clone),7,11,1.3,1.17,0,0,False,2,0,0
2026-03-06_21.49.02,269,sign-optimization-horizontal-vertical_scenario,561,127,3,4,6,90,90,15,1,155549,AdultMaleAgent(Clone),6,12,1.71,1.58,0,0,False,2,0,0
2026-03-06_21.49.02,269,sign-optimization-horizontal-vertical_scenario,561,127,3,4,6,90,90,15,1,155550,WheelchairAgent(Clone),5,10,1.3,1.17,5.869141,1,False,2,0,0
2026-03-06_21.49.02,269,sign-optimization-horizontal-vertical_scenario,561,127,3,4,6,90,90,15,1,155551,AdultFemaleAgent(Clone),5,10,1.58,1.45,5.962891,1,False,2,0,0
2026-03-06_21.49.02,269,sign-optimization-horizontal-vertical_scenario,561,127,3,4,6,90,90,15,1,155552,WheelchairAgent(Clone),11,10,1.3,1.17,3.388672,1,True,3,1,0.3333333
2026-03-06_21.49.02,269,sign-optimization-horizontal-vertical_scenario,561,127,3,4,6,90,90,15,1,155553,AdultFemaleAgent(Clone),5,10,1.58,1.45,8.347656,1,False,2,0,0
2026-03-06_21.49.02,269,sign-optimization-horizontal-vertical_scenario,561,127,3,4,6,90,90,15,1,155554,AdultFemaleAgent(Clone),6,12,1.58,1.45,2.862305,1,False,2,1,0.5
2026-03-06_21.49.02,269,sign-optimization-horizontal-vertical_scenario,561,127,3,4,6,90,90,15,1,155555,WheelchairAgent(Clone),10,12,1.3,1.17,5.454102,1,True,3,1,0.3333333
2026-03-06_21.49.02,269,sign-optimization-horizontal-vertical_scenario,561,127,3,4,6,90,90,15,1,155556,AdultMaleAgent(Clone),11,10,1.71,1.58,7.280273,2,True,3,1,0.3333333
2026-03-06_21.49.02,269,sign-optimization-horizontal-vertical_scenario,561,127,3,4,6,90,90,15,1,155557,WheelchairAgent(Clone),11,10,1.3,1.17,3.486328,1,False,3,1,0.3333333
2026-03-06_21.49.02,269,sign-optimization-horizontal-vertical_scenario,561,127,3,4,6,90,90,15,1,155558,WheelchairAgent(Clone),11,10,1.3,1.17,3.320313,1,True,3,1,0.3333333
2026-03-06_21.49.02,269,sign-optimization-horizontal-vertical_scenario,561,127,3,4,6,90,90,15,1,155559,WheelchairAgent(Clone),11,10,1.3,1.17,3.234375,1,True,3,1,0.3333333
2026-03-06_21.49.02,269,sign-optimization-horizontal-vertical_scenario,561,127,3,4,6,90,90,15,1,155560,WheelchairAgent(Clone),7,11,1.3,1.17,0,0,False,2,0,0
2026-03-06_21.49.02,269,sign-optimization-horizontal-vertical_scenario,561,127,3,4,6,90,90,15,1,155561,AdultFemaleAgent(Clone),6,12,1.58,1.45,2.022461,1,False,2,0,0
2026-03-06_21.49.02,269,sign-optimization-horizontal-vertical_scenario,561,127,3,4,6,90,90,15,1,155562,WheelchairAgent(Clone),10,12,1.3,1.17,4.336914,1,True,3,1,0.3333333
2026-03-06_21.49.02,269,sign-optimization-horizontal-vertical_scenario,561,127,3,4,6,90,90,15,1,155563,WheelchairAgent(Clone),6,12,1.3,1.17,6.587891,1,True,2,1,0.5
2026-03-06_21.49.02,269,sign-optimization-horizontal-vertical_scenario,561,127,3,4,6,90,90,15,1,155564,WheelchairAgent(Clone),6,12,1.3,1.17,3.641602,1,False,2,1,0.5
2026-03-06_21.49.02,269,sign-optimization-horizontal-vertical_scenario,561,127,3,4,6,90,90,15,1,155565,WheelchairAgent(Clone),7,11,1.3,1.17,0,0,False,2,0,0
2026-03-06_21.49.02,269,sign-optimization-horizontal-vertical_scenario,561,127,3,4,6,90,90,15,1,155566,WheelchairAgent(Clone),10,12,1.3,1.17,4.230469,1,True,3,1,0.3333333
2026-03-06_21.49.02,269,sign-optimization-horizontal-vertical_scenario,561,127,3,4,6,90,90,15,1,155567,AdultFemaleAgent(Clone),11,10,1.58,1.450001,5.488281,2,True,3,1,0.3333333
2026-03-06_21.49.02,269,sign-optimization-horizontal-vertical_scenario,561,127,3,4,6,90,90,15,1,155568,AdultFemaleAgent(Clone),11,10,1.58,1.450001,3.387695,1,True,3,1,0.3333333
2026-03-06_21.49.02,269,sign-optimization-horizontal-vertical_scenario,561,127,3,4,6,90,90,15,1,155569,AdultMaleAgent(Clone),5,10,1.71,1.58,3.861328,1,False,2,0,0
2026-03-06_21.49.02,269,sign-optimization-horizontal-vertical_scenario,561,127,3,4,6,90,90,15,1,155570,AdultMaleAgent(Clone),6,12,1.71,1.58,7.084961,1,True,2,1,0.5
2026-03-06_21.49.02,269,sign-optimization-horizontal-vertical_scenario,561,127,3,4,6,90,90,15,1,155571,AdultFemaleAgent(Clone),6,12,1.58,1.45,2.145508,1,False,2,0,0
2026-03-06_21.49.02,269,sign-optimization-horizontal-vertical_scenario,561,127,3,4,6,90,90,15,1,155572,AdultFemaleAgent(Clone),7,11,1.58,1.450001,0,0,False,2,0,0
2026-03-06_21.49.02,269,sign-optimization-horizontal-vertical_scenario,561,127,3,4,6,90,90,15,1,155573,AdultFemaleAgent(Clone),7,11,1.58,1.450001,0,0,False,2,0,0
2026-03-06_21.49.02,269,sign-optimization-horizontal-vertical_scenario,561,127,3,4,6,90,90,15,1,155574,AdultMaleAgent(Clone),11,10,1.71,1.58,3.058594,1,True,3,1,0.3333333
2026-03-06_21.49.02,269,sign-optimization-horizontal-vertical_scenario,561,127,3,4,6,90,90,15,1,155575,WheelchairAgent(Clone),11,10,1.3,1.17,6.706055,2,False,3,1,0.3333333
2026-03-06_21.49.02,269,sign-optimization-horizontal-vertical_scenario,561,127,3,4,6,90,90,15,1,155576,WheelchairAgent(Clone),6,12,1.3,1.17,8.038086,1,True,2,1,0.5
2026-03-06_21.49.02,269,sign-optimization-horizontal-vertical_scenario,561,127,3,4,6,90,90,15,1,155577,AdultMaleAgent(Clone),10,12,1.71,1.58,5.233398,1,True,3,1,0.3333333
2026-03-06_21.49.02,269,sign-optimization-horizontal-vertical_scenario,561,127,3,4,6,90,90,15,1,155578,WheelchairAgent(Clone),6,12,1.3,1.17,2.297852,1,False,2,0,0
2026-03-06_21.49.02,269,sign-optimization-horizontal-vertical_scenario,561,127,3,4,6,90,90,15,1,155579,WheelchairAgent(Clone),6,12,1.3,1.17,4.128906,1,False,2,1,0.5
2026-03-06_21.49.02,269,sign-optimization-horizontal-vertical_scenario,561,127,3,4,6,90,90,15,1,155580,AdultMaleAgent(Clone),11,10,1.71,1.58,3.040039,1,True,3,1,0.3333333
2026-03-06_21.49.02,269,sign-optimization-horizontal-vertical_scenario,561,127,3,4,6,90,90,15,1,155581,AdultFemaleAgent(Clone),6,12,1.58,1.45,3.407227,1,False,2,1,0.5
2026-03-06_21.49.02,269,sign-optimization-horizontal-vertical_scenario,561,127,3,4,6,90,90,15,1,155582,AdultMaleAgent(Clone),5,10,1.71,1.58,8.99707,1,False,2,0,0
2026-03-06_21.49.02,269,sign-optimization-horizontal-vertical_scenario,561,127,3,4,6,90,90,15,1,155583,AdultMaleAgent(Clone),5,10,1.71,1.58,7.856445,1,False,2,0,0
2026-03-06_21.49.02,269,sign-optimization-horizontal-vertical_scenario,561,127,3,4,6,90,90,15,1,155584,AdultMaleAgent(Clone),10,12,1.71,1.58,5.415039,1,True,3,1,0.3333333
2026-03-06_21.49.02,269,sign-optimization-horizontal-vertical_scenario,561,127,3,4,6,90,90,15,1,155585,AdultMaleAgent(Clone),5,10,1.71,1.58,5.914063,1,False,2,0,0
2026-03-06_21.49.02,269,sign-optimization-horizontal-vertical_scenario,561,127,3,4,6,90,90,15,1,155586,WheelchairAgent(Clone),10,12,1.3,1.17,7.644531,1,True,3,1,0.3333333
2026-03-06_21.49.02,269,sign-optimization-horizontal-vertical_scenario,561,127,3,4,6,90,90,15,1,155587,WheelchairAgent(Clone),10,12,1.3,1.17,4.314453,1,True,3,1,0.3333333
2026-03-06_21.49.02,269,sign-optimization-horizontal-vertical_scenario,561,127,3,4,6,90,90,15,1,155588,AdultFemaleAgent(Clone),5,10,1.58,1.45,10.16602,1,False,2,0,0
2026-03-06_21.49.02,269,sign-optimization-horizontal-vertical_scenario,561,127,3,4,6,90,90,15,1,155589,AdultFemaleAgent(Clone),11,10,1.58,1.450001,7.296875,2,True,3,1,0.3333333
2026-03-06_21.49.02,269,sign-optimization-horizontal-vertical_scenario,561,127,3,4,6,90,90,15,1,155590,AdultMaleAgent(Clone),6,12,1.71,1.58,6.376953,1,True,2,1,0.5
2026-03-06_21.49.02,269,sign-optimization-horizontal-vertical_scenario,561,127,3,4,6,90,90,15,1,155591,AdultMaleAgent(Clone),10,12,1.71,1.58,7.408203,1,True,3,1,0.3333333
2026-03-06_21.49.02,269,sign-optimization-horizontal-vertical_scenario,561,127,3,4,6,90,90,15,1,155592,AdultMaleAgent(Clone),11,10,1.71,1.58,0.4375,1,False,3,1,0.3333333
2026-03-06_21.49.02,269,sign-optimization-horizontal-vertical_scenario,561,127,3,4,6,90,90,15,1,155593,AdultFemaleAgent(Clone),6,12,1.58,1.45,3.165039,1,False,2,1,0.5
2026-03-06_21.49.02,269,sign-optimization-horizontal-vertical_scenario,561,127,3,4,6,90,90,15,1,155594,AdultFemaleAgent(Clone),7,11,1.58,1.450001,0,0,False,2,0,0
2026-03-06_21.49.02,269,sign-optimization-horizontal-vertical_scenario,561,127,3,4,6,90,90,15,1,155595,WheelchairAgent(Clone),6,12,1.3,1.17,3.796875,1,False,2,1,0.5
2026-03-06_21.49.02,269,sign-optimization-horizontal-vertical_scenario,561,127,3,4,6,90,90,15,1,155596,AdultFemaleAgent(Clone),7,11,1.58,1.450001,0,0,False,2,0,0
2026-03-06_21.49.02,269,sign-optimization-horizontal-vertical_scenario,561,127,3,4,6,90,90,15,1,155597,WheelchairAgent(Clone),5,10,1.3,1.17,10.52344,1,False,2,0,0
2026-03-06_21.49.02,269,sign-optimization-horizontal-vertical_scenario,561,127,3,4,6,90,90,15,1,155598,AdultMaleAgent(Clone),10,12,1.71,1.58,5.432617,1,True,3,1,0.3333333
2026-03-06_21.49.02,269,sign-optimization-horizontal-vertical_scenario,561,127,3,4,6,90,90,15,1,155599,AdultMaleAgent(Clone),7,11,1.71,1.58,0,0,False,2,0,0
2026-03-06_21.49.02,269,sign-optimization-horizontal-vertical_scenario,561,127,3,4,6,90,90,15,1,155600,AdultFemaleAgent(Clone),11,10,1.58,1.450001,5.678711,2,True,3,1,0.3333333
2026-03-06_21.49.02,269,sign-optimization-horizontal-vertical_scenario,561,127,3,4,6,90,90,15,1,155601,AdultFemaleAgent(Clone),7,11,1.58,1.450001,0,0,False,2,0,0
2026-03-06_21.49.02,269,sign-optimization-horizontal-vertical_scenario,561,127,3,4,6,90,90,15,1,155602,AdultMaleAgent(Clone),11,10,1.71,1.58,0,0,False,3,0,0
2026-03-06_21.49.02,269,sign-optimization-horizontal-vertical_scenario,561,127,3,4,6,90,90,15,1,155603,AdultFemaleAgent(Clone),7,11,1.58,1.450001,0,0,False,2,0,0
2026-03-06_21.49.02,269,sign-optimization-horizontal-vertical_scenario,561,127,3,4,6,90,90,15,1,155604,AdultFemaleAgent(Clone),7,11,1.58,1.450001,0,0,False,2,0,0
2026-03-06_21.49.02,269,sign-optimization-horizontal-vertical_scenario,561,127,3,4,6,90,90,15,1,155605,AdultMaleAgent(Clone),11,10,1.71,1.58,7.637695,2,True,3,1,0.3333333
2026-03-06_21.49.02,269,sign-optimization-horizontal-vertical_scenario,561,127,3,4,6,90,90,15,1,155606,WheelchairAgent(Clone),10,12,1.3,1.17,6.092773,1,True,3,1,0.3333333
2026-03-06_21.49.02,269,sign-optimization-horizontal-vertical_scenario,561,127,3,4,6,90,90,15,1,155607,WheelchairAgent(Clone),5,10,1.3,1.17,7.005859,1,False,2,0,0
2026-03-06_21.49.02,269,sign-optimization-horizontal-vertical_scenario,561,127,3,4,6,90,90,15,1,155608,AdultMaleAgent(Clone),7,11,1.71,1.58,0,0,False,2,0,0
2026-03-06_21.49.02,269,sign-optimization-horizontal-vertical_scenario,561,127,3,4,6,90,90,15,1,155609,WheelchairAgent(Clone),7,11,1.3,1.17,0,0,False,2,0,0
2026-03-06_21.49.02,269,sign-optimization-horizontal-vertical_scenario,561,127,3,4,6,90,90,15,1,155610,AdultFemaleAgent(Clone),6,12,1.58,1.45,5.172852,1,False,2,1,0.5
2026-03-06_21.49.02,269,sign-optimization-horizontal-vertical_scenario,561,127,3,4,6,90,90,15,1,155611,WheelchairAgent(Clone),6,12,1.3,1.17,3.578125,1,False,2,1,0.5
2026-03-06_21.49.02,269,sign-optimization-horizontal-vertical_scenario,561,127,3,4,6,90,90,15,1,155612,AdultFemaleAgent(Clone),6,12,1.58,1.45,2.875977,1,False,2,1,0.5
2026-03-06_21.49.02,269,sign-optimization-horizontal-vertical_scenario,561,127,3,4,6,90,90,15,1,155613,AdultMaleAgent(Clone),11,10,1.71,1.58,7.792969,2,True,3,1,0.3333333
2026-03-06_21.49.02,269,sign-optimization-horizontal-vertical_scenario,561,127,3,4,6,90,90,15,1,155614,AdultFemaleAgent(Clone),5,10,1.58,1.45,9.477539,1,False,2,1,0.5
2026-03-06_21.49.02,269,sign-optimization-horizontal-vertical_scenario,561,127,3,4,6,90,90,15,1,155615,AdultMaleAgent(Clone),11,10,1.71,1.58,7.333984,2,True,3,1,0.3333333
2026-03-06_21.49.02,269,sign-optimization-horizontal-vertical_scenario,561,127,3,4,6,90,90,15,1,155616,WheelchairAgent(Clone),7,11,1.3,1.17,0,0,False,2,0,0
2026-03-06_21.49.02,269,sign-optimization-horizontal-vertical_scenario,561,127,3,4,6,90,90,15,1,155617,WheelchairAgent(Clone),5,10,1.3,1.17,10.31543,1,False,2,1,0.5
2026-03-06_21.49.02,269,sign-optimization-horizontal-vertical_scenario,561,127,3,4,6,90,90,15,1,155618,AdultMaleAgent(Clone),6,12,1.71,1.58,0.8378906,1,False,2,0,0
2026-03-06_21.49.02,269,sign-optimization-horizontal-vertical_scenario,561,127,3,4,6,90,90,15,1,155619,AdultFemaleAgent(Clone),11,10,1.58,1.450001,7.051758,2,True,3,1,0.3333333
2026-03-06_21.49.02,269,sign-optimization-horizontal-vertical_scenario,561,127,3,4,6,90,90,15,1,155620,WheelchairAgent(Clone),6,12,1.3,1.17,1.925781,1,False,2,0,0
2026-03-06_21.49.02,269,sign-optimization-horizontal-vertical_scenario,561,127,3,4,6,90,90,15,1,155621,AdultFemaleAgent(Clone),11,10,1.58,1.450001,3.410156,1,True,3,1,0.3333333
2026-03-06_21.49.02,269,sign-optimization-horizontal-vertical_scenario,561,127,3,4,6,90,90,15,1,155622,WheelchairAgent(Clone),7,11,1.3,1.17,0,0,False,2,0,0
2026-03-06_21.49.02,269,sign-optimization-horizontal-vertical_scenario,561,127,3,4,6,90,90,15,1,155623,AdultMaleAgent(Clone),10,12,1.71,1.58,5.954102,1,True,3,1,0.3333333
2026-03-06_21.49.02,269,sign-optimization-horizontal-vertical_scenario,561,127,3,4,6,90,90,15,1,155624,AdultMaleAgent(Clone),7,11,1.71,1.58,0,0,False,2,0,0
2026-03-06_21.49.02,269,sign-optimization-horizontal-vertical_scenario,561,127,3,4,6,90,90,15,1,155625,AdultFemaleAgent(Clone),11,10,1.58,1.450001,3.109375,1,True,3,1,0.3333333
2026-03-06_21.49.02,269,sign-optimization-horizontal-vertical_scenario,561,127,3,4,6,90,90,15,1,155626,WheelchairAgent(Clone),10,12,1.3,1.17,5.641602,1,False,3,1,0.3333333
2026-03-06_21.49.02,269,sign-optimization-horizontal-vertical_scenario,561,127,3,4,6,90,90,15,1,155627,AdultFemaleAgent(Clone),5,10,1.58,1.45,9.995117,1,False,2,0,0
2026-03-06_21.49.02,269,sign-optimization-horizontal-vertical_scenario,561,127,3,4,6,90,90,15,1,155628,AdultFemaleAgent(Clone),11,10,1.58,1.450001,3.279297,1,True,3,1,0.3333333
2026-03-06_21.49.02,269,sign-optimization-horizontal-vertical_scenario,561,127,3,4,6,90,90,15,1,155629,AdultMaleAgent(Clone),5,10,1.71,1.58,3.633789,1,False,2,0,0
2026-03-06_21.49.02,269,sign-optimization-horizontal-vertical_scenario,561,127,3,4,6,90,90,15,1,155630,AdultMaleAgent(Clone),7,11,1.71,1.58,0,0,False,2,0,0
2026-03-06_21.49.02,269,sign-optimization-horizontal-vertical_scenario,561,127,3,4,6,90,90,15,1,155631,AdultFemaleAgent(Clone),6,12,1.58,1.45,3.138672,1,False,2,1,0.5
2026-03-06_21.49.02,269,sign-optimization-horizontal-vertical_scenario,561,127,3,4,6,90,90,15,1,155632,AdultMaleAgent(Clone),5,10,1.71,1.58,8.834961,1,False,2,0,0
2026-03-06_21.49.02,269,sign-optimization-horizontal-vertical_scenario,561,127,3,4,6,90,90,15,1,155633,AdultMaleAgent(Clone),5,10,1.71,1.58,4.148438,1,False,2,0,0
2026-03-06_21.49.02,269,sign-optimization-horizontal-vertical_scenario,561,127,3,4,6,90,90,15,1,155634,AdultFemaleAgent(Clone),11,10,1.58,1.450001,5.236328,1,True,3,1,0.3333333
2026-03-06_21.49.02,269,sign-optimization-horizontal-vertical_scenario,561,127,3,4,6,90,90,15,1,155635,WheelchairAgent(Clone),5,10,1.3,1.17,5.433594,1,False,2,0,0
2026-03-06_21.49.02,269,sign-optimization-horizontal-vertical_scenario,561,127,3,4,6,90,90,15,1,155636,AdultMaleAgent(Clone),10,12,1.71,1.58,6.975586,1,True,3,1,0.3333333
2026-03-06_21.49.02,269,sign-optimization-horizontal-vertical_scenario,561,127,3,4,6,90,90,15,1,155637,AdultMaleAgent(Clone),11,10,1.71,1.58,6.488281,2,True,3,1,0.3333333
2026-03-06_21.49.02,269,sign-optimization-horizontal-vertical_scenario,561,127,3,4,6,90,90,15,1,155638,AdultMaleAgent(Clone),6,12,1.71,1.58,4.478516,1,True,2,1,0.5
2026-03-06_21.49.02,269,sign-optimization-horizontal-vertical_scenario,561,127,3,4,6,90,90,15,1,155639,AdultFemaleAgent(Clone),7,11,1.58,1.450001,0,0,False,2,0,0
2026-03-06_21.49.02,269,sign-optimization-horizontal-vertical_scenario,561,127,3,4,6,90,90,15,1,155640,AdultFemaleAgent(Clone),7,11,1.58,1.450001,0,0,False,2,0,0
2026-03-06_21.49.02,269,sign-optimization-horizontal-vertical_scenario,561,127,3,4,6,90,90,15,1,155641,AdultMaleAgent(Clone),11,10,1.71,1.58,1.171875,1,False,3,1,0.3333333
2026-03-06_21.49.02,269,sign-optimization-horizontal-vertical_scenario,561,127,3,4,6,90,90,15,1,155642,AdultMaleAgent(Clone),7,11,1.71,1.58,0,0,False,2,0,0
2026-03-06_21.49.02,269,sign-optimization-horizontal-vertical_scenario,561,127,3,4,6,90,90,15,1,155643,AdultMaleAgent(Clone),11,10,1.71,1.58,7.630859,1,True,3,1,0.3333333
2026-03-06_21.49.02,269,sign-optimization-horizontal-vertical_scenario,561,127,3,4,6,90,90,15,1,155644,AdultFemaleAgent(Clone),6,12,1.58,1.45,3.855469,1,True,2,1,0.5
2026-03-06_21.49.02,269,sign-optimization-horizontal-vertical_scenario,561,127,3,4,6,90,90,15,1,155645,AdultMaleAgent(Clone),6,12,1.71,1.58,5.623047,1,True,2,1,0.5
2026-03-06_21.49.02,269,sign-optimization-horizontal-vertical_scenario,561,127,3,4,6,90,90,15,1,155646,AdultMaleAgent(Clone),10,12,1.71,1.58,3.628906,1,True,3,1,0.3333333
2026-03-06_21.49.02,269,sign-optimization-horizontal-vertical_scenario,561,127,3,4,6,90,90,15,1,155647,AdultFemaleAgent(Clone),10,12,1.58,1.45,6.31543,1,True,3,1,0.3333333
2026-03-06_21.49.02,269,sign-optimization-horizontal-vertical_scenario,561,127,3,4,6,90,90,15,1,155648,WheelchairAgent(Clone),5,10,1.3,1.17,10.9502,1,False,2,0,0
2026-03-06_21.49.02,269,sign-optimization-horizontal-vertical_scenario,561,127,3,4,6,90,90,15,1,155649,WheelchairAgent(Clone),11,10,1.3,1.17,4.999023,1,True,3,1,0.3333333
2026-03-06_21.49.02,269,sign-optimization-horizontal-vertical_scenario,561,127,3,4,6,90,90,15,1,155650,AdultMaleAgent(Clone),5,10,1.71,1.58,0,0,False,2,1,0.5
2026-03-06_21.49.02,269,sign-optimization-horizontal-vertical_scenario,561,127,3,4,6,90,90,15,1,155651,AdultMaleAgent(Clone),6,12,1.71,1.58,4.129883,1,False,2,1,0.5
2026-03-06_21.49.02,269,sign-optimization-horizontal-vertical_scenario,561,127,3,4,6,90,90,15,1,155652,WheelchairAgent(Clone),10,12,1.3,1.17,3.748047,1,True,3,1,0.3333333
2026-03-06_21.49.02,269,sign-optimization-horizontal-vertical_scenario,561,127,3,4,6,90,90,15,1,155653,AdultFemaleAgent(Clone),10,12,1.58,1.45,3.78125,1,True,3,1,0.3333333
2026-03-06_21.49.02,269,sign-optimization-horizontal-vertical_scenario,561,127,3,4,6,90,90,15,1,155654,WheelchairAgent(Clone),7,11,1.3,1.17,0,0,False,2,0,0
2026-03-06_21.49.02,269,sign-optimization-horizontal-vertical_scenario,561,127,3,4,6,90,90,15,1,155655,AdultFemaleAgent(Clone),10,12,1.58,1.45,5.509766,1,True,3,1,0.3333333
2026-03-06_21.49.02,269,sign-optimization-horizontal-vertical_scenario,561,127,3,4,6,90,90,15,1,155656,AdultFemaleAgent(Clone),5,10,1.58,1.45,8.967773,1,False,2,0,0
2026-03-06_21.49.02,269,sign-optimization-horizontal-vertical_scenario,561,127,3,4,6,90,90,15,1,155657,AdultFemaleAgent(Clone),10,12,1.58,1.45,7.101563,1,True,3,1,0.3333333
2026-03-06_21.49.02,269,sign-optimization-horizontal-vertical_scenario,561,127,3,4,6,90,90,15,1,155658,AdultMaleAgent(Clone),11,10,1.71,1.58,0,0,False,3,0,0
2026-03-06_21.49.02,269,sign-optimization-horizontal-vertical_scenario,561,127,3,4,6,90,90,15,1,155659,WheelchairAgent(Clone),11,10,1.3,1.17,0,0,False,3,0,0
2026-03-06_21.49.02,269,sign-optimization-horizontal-vertical_scenario,561,127,3,4,6,90,90,15,1,155660,WheelchairAgent(Clone),11,10,1.3,1.17,0,0,False,3,0,0
2026-03-06_21.49.02,269,sign-optimization-horizontal-vertical_scenario,561,127,3,4,6,90,90,15,1,155661,AdultMaleAgent(Clone),10,12,1.71,1.58,3.354492,1,True,3,1,0.3333333
2026-03-06_21.49.02,269,sign-optimization-horizontal-vertical_scenario,561,127,3,4,6,90,90,15,1,155662,WheelchairAgent(Clone),7,11,1.3,1.17,0,0,False,2,0,0
2026-03-06_21.49.02,269,sign-optimization-horizontal-vertical_scenario,561,127,3,4,6,90,90,15,1,155663,WheelchairAgent(Clone),7,11,1.3,1.17,0,0,False,2,0,0
2026-03-06_21.49.02,269,sign-optimization-horizontal-vertical_scenario,561,127,3,4,6,90,90,15,1,155664,AdultFemaleAgent(Clone),6,12,1.58,1.45,6.116211,1,True,2,1,0.5
2026-03-06_21.49.02,269,sign-optimization-horizontal-vertical_scenario,561,127,3,4,6,90,90,15,1,155665,AdultMaleAgent(Clone),10,12,1.71,1.58,4.024414,1,True,3,1,0.3333333
2026-03-06_21.49.02,269,sign-optimization-horizontal-vertical_scenario,561,127,3,4,6,90,90,15,1,155666,AdultMaleAgent(Clone),6,12,1.71,1.58,3.299805,1,False,2,1,0.5
2026-03-06_21.49.02,269,sign-optimization-horizontal-vertical_scenario,561,127,3,4,6,90,90,15,1,155667,AdultFemaleAgent(Clone),11,10,1.58,1.450001,0.7832031,1,False,3,0,0
2026-03-06_21.49.02,269,sign-optimization-horizontal-vertical_scenario,561,127,3,4,6,90,90,15,1,155668,AdultMaleAgent(Clone),7,11,1.71,1.58,0,0,False,2,0,0
2026-03-06_21.49.02,269,sign-optimization-horizontal-vertical_scenario,561,127,3,4,6,90,90,15,1,155669,AdultFemaleAgent(Clone),10,12,1.58,1.45,5.855469,1,True,3,1,0.3333333
2026-03-06_21.49.02,269,sign-optimization-horizontal-vertical_scenario,561,127,3,4,6,90,90,15,1,155670,AdultFemaleAgent(Clone),10,12,1.58,1.45,5.859375,1,True,3,1,0.3333333
2026-03-06_21.49.02,269,sign-optimization-horizontal-vertical_scenario,561,127,3,4,6,90,90,15,1,155671,AdultFemaleAgent(Clone),7,11,1.58,1.450001,0,0,False,2,0,0
2026-03-06_21.49.02,269,sign-optimization-horizontal-vertical_scenario,561,127,3,4,6,90,90,15,1,155672,WheelchairAgent(Clone),6,12,1.3,1.17,6.55957,1,True,2,1,0.5
2026-03-06_21.49.02,269,sign-optimization-horizontal-vertical_scenario,561,127,3,4,6,90,90,15,1,155673,WheelchairAgent(Clone),11,10,1.3,1.17,0.08300781,1,False,3,0,0
2026-03-06_21.49.02,269,sign-optimization-horizontal-vertical_scenario,561,127,3,4,6,90,90,15,1,155674,WheelchairAgent(Clone),5,10,1.3,1.17,4.751953,1,False,2,0,0
2026-03-06_21.49.02,269,sign-optimization-horizontal-vertical_scenario,561,127,3,4,6,90,90,15,1,155675,AdultFemaleAgent(Clone),7,11,1.58,1.450001,0,0,False,2,0,0
2026-03-06_21.49.02,269,sign-optimization-horizontal-vertical_scenario,561,127,3,4,6,90,90,15,1,155676,WheelchairAgent(Clone),7,11,1.3,1.17,0,0,False,2,0,0
2026-03-06_21.49.02,269,sign-optimization-horizontal-vertical_scenario,561,127,3,4,6,90,90,15,1,155677,AdultMaleAgent(Clone),10,12,1.71,1.58,4.353516,1,True,3,1,0.3333333
2026-03-06_21.49.02,269,sign-optimization-horizontal-vertical_scenario,561,127,3,4,6,90,90,15,1,155678,AdultFemaleAgent(Clone),11,10,1.58,1.450001,4.538086,2,True,3,1,0.3333333
2026-03-06_21.49.02,269,sign-optimization-horizontal-vertical_scenario,561,127,3,4,6,90,90,15,1,155679,AdultMaleAgent(Clone),5,10,1.71,1.58,0,0,False,2,0,0
2026-03-06_21.49.02,269,sign-optimization-horizontal-vertical_scenario,561,127,3,4,6,90,90,15,1,155680,AdultMaleAgent(Clone),11,10,1.71,1.58,3.859375,1,True,3,1,0.3333333
2026-03-06_21.49.02,269,sign-optimization-horizontal-vertical_scenario,561,127,3,4,6,90,90,15,1,155681,AdultMaleAgent(Clone),5,10,1.71,1.58,5.923828,1,False,2,0,0
2026-03-06_21.49.02,269,sign-optimization-horizontal-vertical_scenario,561,127,3,4,6,90,90,15,1,155682,AdultFemaleAgent(Clone),7,11,1.58,1.450001,0,0,False,2,0,0
2026-03-06_21.49.02,269,sign-optimization-horizontal-vertical_scenario,561,127,3,4,6,90,90,15,1,155683,AdultFemaleAgent(Clone),5,10,1.58,1.45,0,0,False,2,0,0
2026-03-06_21.49.02,269,sign-optimization-horizontal-vertical_scenario,561,127,3,4,6,90,90,15,1,155684,AdultMaleAgent(Clone),10,12,1.71,1.58,6.948242,1,True,3,1,0.3333333
2026-03-06_21.49.02,269,sign-optimization-horizontal-vertical_scenario,561,127,3,4,6,90,90,15,1,155685,WheelchairAgent(Clone),6,12,1.3,1.17,3.272461,1,False,2,1,0.5
2026-03-06_21.49.02,269,sign-optimization-horizontal-vertical_scenario,561,127,3,4,6,90,90,15,1,155686,AdultFemaleAgent(Clone),6,12,1.58,1.45,4.430664,1,True,2,1,0.5
2026-03-06_21.49.02,269,sign-optimization-horizontal-vertical_scenario,561,127,3,4,6,90,90,15,1,155687,AdultFemaleAgent(Clone),11,10,1.58,1.450001,0,0,False,3,0,0
2026-03-06_21.49.02,269,sign-optimization-horizontal-vertical_scenario,561,127,3,4,6,90,90,15,1,155688,WheelchairAgent(Clone),5,10,1.3,1.17,0,0,False,2,0,0
2026-03-06_21.49.02,269,sign-optimization-horizontal-vertical_scenario,561,127,3,4,6,90,90,15,1,155689,WheelchairAgent(Clone),5,10,1.3,1.17,0,0,False,2,0,0
2026-03-06_21.49.02,269,sign-optimization-horizontal-vertical_scenario,561,127,3,4,6,90,90,15,1,155690,AdultMaleAgent(Clone),6,12,1.71,1.58,3.633789,1,False,2,1,0.5
2026-03-06_21.49.02,269,sign-optimization-horizontal-vertical_scenario,561,127,3,4,6,90,90,15,1,155691,WheelchairAgent(Clone),10,12,1.3,1.17,4.390625,1,True,3,1,0.3333333
2026-03-06_21.49.02,269,sign-optimization-horizontal-vertical_scenario,561,127,3,4,6,90,90,15,1,155692,WheelchairAgent(Clone),10,12,1.3,1.17,1.888672,1,False,3,1,0.3333333
2026-03-06_21.49.02,269,sign-optimization-horizontal-vertical_scenario,561,127,3,4,6,90,90,15,1,155693,AdultFemaleAgent(Clone),10,12,1.58,1.45,5.104492,1,True,3,1,0.3333333
2026-03-06_21.49.02,269,sign-optimization-horizontal-vertical_scenario,561,127,3,4,6,90,90,15,1,155694,AdultFemaleAgent(Clone),10,12,1.58,1.45,5.548828,1,True,3,1,0.3333333
2026-03-06_21.49.02,269,sign-optimization-horizontal-vertical_scenario,561,127,3,4,6,90,90,15,1,155695,AdultFemaleAgent(Clone),7,11,1.58,1.450001,0,0,False,2,0,0
2026-03-06_21.49.02,269,sign-optimization-horizontal-vertical_scenario,561,127,3,4,6,90,90,15,1,155696,WheelchairAgent(Clone),11,10,1.3,1.17,0,0,False,3,0,0
2026-03-06_21.49.02,269,sign-optimization-horizontal-vertical_scenario,561,127,3,4,6,90,90,15,1,155697,AdultMaleAgent(Clone),11,10,1.71,1.58,0.3681641,1,False,3,0,0
2026-03-06_21.49.02,269,sign-optimization-horizontal-vertical_scenario,561,127,3,4,6,90,90,15,1,155698,WheelchairAgent(Clone),11,10,1.3,1.17,0,0,True,3,1,0.3333333
2026-03-06_21.49.02,269,sign-optimization-horizontal-vertical_scenario,561,127,3,4,6,90,90,15,1,155699,AdultMaleAgent(Clone),6,12,1.71,1.58,2.308594,1,False,2,1,0.5
2026-03-06_21.49.02,269,sign-optimization-horizontal-vertical_scenario,561,127,3,4,6,90,90,15,1,155700,AdultFemaleAgent(Clone),7,11,1.58,1.450001,0,0,False,2,0,0
2026-03-06_21.49.02,269,sign-optimization-horizontal-vertical_scenario,561,127,3,4,6,90,90,15,1,155701,WheelchairAgent(Clone),10,12,1.3,1.17,4.394531,1,True,3,1,0.3333333
2026-03-06_21.49.02,269,sign-optimization-horizontal-vertical_scenario,561,127,3,4,6,90,90,15,1,155702,WheelchairAgent(Clone),5,10,1.3,1.17,0,0,False,2,0,0
2026-03-06_21.49.02,269,sign-optimization-horizontal-vertical_scenario,561,127,3,4,6,90,90,15,1,155703,AdultFemaleAgent(Clone),10,12,1.58,1.45,6.310547,1,True,3,1,0.3333333
2026-03-06_21.49.02,269,sign-optimization-horizontal-vertical_scenario,561,127,3,4,6,90,90,15,1,155704,WheelchairAgent(Clone),6,12,1.3,1.17,5.550781,1,True,2,1,0.5
2026-03-06_21.49.02,269,sign-optimization-horizontal-vertical_scenario,561,127,3,4,6,90,90,15,1,155705,WheelchairAgent(Clone),5,10,1.3,1.17,0,0,False,2,0,0
2026-03-06_21.49.02,269,sign-optimization-horizontal-vertical_scenario,561,127,3,4,6,90,90,15,1,155706,AdultMaleAgent(Clone),11,10,1.71,1.58,0.8730469,1,False,3,0,0
2026-03-06_21.49.02,269,sign-optimization-horizontal-vertical_scenario,561,127,3,4,6,90,90,15,1,155707,WheelchairAgent(Clone),10,12,1.3,1.17,7.28125,1,False,3,1,0.3333333
2026-03-06_21.49.02,269,sign-optimization-horizontal-vertical_scenario,561,127,3,4,6,90,90,15,1,155708,AdultMaleAgent(Clone),6,12,1.71,1.58,4.841797,1,True,2,1,0.5
2026-03-06_21.49.02,269,sign-optimization-horizontal-vertical_scenario,561,127,3,4,6,90,90,15,1,155709,AdultMaleAgent(Clone),5,10,1.71,1.58,0,0,False,2,0,0
2026-03-06_21.49.02,269,sign-optimization-horizontal-vertical_scenario,561,127,3,4,6,90,90,15,1,155710,WheelchairAgent(Clone),5,10,1.3,1.17,0,0,False,2,0,0
2026-03-06_21.49.02,269,sign-optimization-horizontal-vertical_scenario,561,127,3,4,6,90,90,15,1,155711,AdultFemaleAgent(Clone),10,12,1.58,1.45,5.628906,1,True,3,1,0.3333333
2026-03-06_21.49.02,269,sign-optimization-horizontal-vertical_scenario,561,127,3,4,6,90,90,15,1,155712,AdultMaleAgent(Clone),6,12,1.71,1.58,0.6699219,1,False,2,0,0
2026-03-06_21.49.02,269,sign-optimization-horizontal-vertical_scenario,561,127,3,4,6,90,90,15,1,155713,AdultFemaleAgent(Clone),6,12,1.58,1.45,6.449219,1,True,2,1,0.5
2026-03-06_21.49.02,269,sign-optimization-horizontal-vertical_scenario,561,127,3,4,6,90,90,15,1,155714,AdultFemaleAgent(Clone),7,11,1.58,1.450001,0,0,False,2,0,0
2026-03-06_21.49.02,269,sign-optimization-horizontal-vertical_scenario,561,127,3,4,6,90,90,15,1,155715,AdultMaleAgent(Clone),6,12,1.71,1.58,2.967773,1,False,2,1,0.5
2026-03-06_21.49.02,269,sign-optimization-horizontal-vertical_scenario,561,127,3,4,6,90,90,15,1,155716,WheelchairAgent(Clone),11,10,1.3,1.17,0.4023438,1,False,3,0,0
2026-03-06_21.49.02,269,sign-optimization-horizontal-vertical_scenario,561,127,3,4,6,90,90,15,1,155717,WheelchairAgent(Clone),6,12,1.3,1.17,4.686523,1,False,2,1,0.5
2026-03-06_21.49.02,269,sign-optimization-horizontal-vertical_scenario,561,127,3,4,6,90,90,15,1,155718,AdultMaleAgent(Clone),5,10,1.71,1.58,0,0,False,2,0,0
2026-03-06_21.49.02,269,sign-optimization-horizontal-vertical_scenario,561,127,3,4,6,90,90,15,1,155719,AdultMaleAgent(Clone),10,12,1.71,1.58,4.091797,1,True,3,1,0.3333333
2026-03-06_21.49.02,269,sign-optimization-horizontal-vertical_scenario,561,127,3,4,6,90,90,15,1,155720,AdultMaleAgent(Clone),6,12,1.71,1.58,4.053711,1,False,2,1,0.5
2026-03-06_21.49.02,269,sign-optimization-horizontal-vertical_scenario,561,127,3,4,6,90,90,15,1,155721,AdultFemaleAgent(Clone),5,10,1.58,1.45,0,0,False,2,0,0
2026-03-06_21.49.02,269,sign-optimization-horizontal-vertical_scenario,561,127,3,4,6,90,90,15,1,155722,WheelchairAgent(Clone),6,12,1.3,1.17,6.476563,1,True,2,1,0.5
2026-03-06_21.49.02,269,sign-optimization-horizontal-vertical_scenario,561,127,3,4,6,90,90,15,1,155723,AdultMaleAgent(Clone),11,10,1.71,1.58,0,0,False,3,0,0
2026-03-06_21.49.02,269,sign-optimization-horizontal-vertical_scenario,561,127,3,4,6,90,90,15,1,155724,AdultMaleAgent(Clone),11,10,1.71,1.58,0,0,False,3,0,0
2026-03-06_21.49.02,269,sign-optimization-horizontal-vertical_scenario,561,127,3,4,6,90,90,15,1,155725,AdultMaleAgent(Clone),6,12,1.71,1.58,1.87793,1,False,2,1,0.5
2026-03-06_21.49.02,269,sign-optimization-horizontal-vertical_scenario,561,127,3,4,6,90,90,15,1,155726,WheelchairAgent(Clone),5,10,1.3,1.17,0,0,False,2,0,0
2026-03-06_21.49.02,269,sign-optimization-horizontal-vertical_scenario,561,127,3,4,6,90,90,15,1,155727,AdultFemaleAgent(Clone),11,10,1.58,1.450001,1.967773,1,False,3,0,0
2026-03-06_21.49.02,269,sign-optimization-horizontal-vertical_scenario,561,127,3,4,6,90,90,15,1,155728,WheelchairAgent(Clone),6,12,1.3,1.17,3.249023,1,False,2,1,0.5
2026-03-06_21.49.02,269,sign-optimization-horizontal-vertical_scenario,561,127,3,4,6,90,90,15,1,155729,AdultMaleAgent(Clone),10,12,1.71,1.58,5.628906,1,True,3,1,0.3333333
2026-03-06_21.49.02,269,sign-optimization-horizontal-vertical_scenario,561,127,3,4,6,90,90,15,1,155730,AdultMaleAgent(Clone),11,10,1.71,1.58,0,0,False,3,0,0
2026-03-06_21.49.02,269,sign-optimization-horizontal-vertical_scenario,561,127,3,4,6,90,90,15,1,155731,AdultMaleAgent(Clone),11,10,1.71,1.58,0.8955078,1,False,3,0,0
2026-03-06_21.49.02,269,sign-optimization-horizontal-vertical_scenario,561,127,3,4,6,90,90,15,1,155732,WheelchairAgent(Clone),6,12,1.3,1.17,1.060547,1,False,2,0,0
2026-03-06_21.49.02,269,sign-optimization-horizontal-vertical_scenario,561,127,3,4,6,90,90,15,1,155733,AdultFemaleAgent(Clone),5,10,1.58,1.45,0,0,False,2,0,0
2026-03-06_21.49.02,269,sign-optimization-horizontal-vertical_scenario,561,127,3,4,6,90,90,15,1,155734,AdultMaleAgent(Clone),6,12,1.71,1.58,0,0,True,2,1,0.5
2026-03-06_21.49.02,269,sign-optimization-horizontal-vertical_scenario,561,127,3,4,6,90,90,15,1,155735,AdultFemaleAgent(Clone),6,12,1.58,1.45,4.371094,1,True,2,1,0.5
2026-03-06_21.49.02,269,sign-optimization-horizontal-vertical_scenario,561,127,3,4,6,90,90,15,1,155736,WheelchairAgent(Clone),6,12,1.3,1.17,0,0,False,2,1,0.5
2026-03-06_21.49.02,269,sign-optimization-horizontal-vertical_scenario,561,127,3,4,6,90,90,15,1,155737,AdultFemaleAgent(Clone),5,10,1.58,1.45,0,0,False,2,0,0
2026-03-06_21.49.02,269,sign-optimization-horizontal-vertical_scenario,561,127,3,4,6,90,90,15,1,155738,WheelchairAgent(Clone),10,12,1.3,1.17,6.27832,1,True,3,1,0.3333333
2026-03-06_21.49.02,269,sign-optimization-horizontal-vertical_scenario,561,127,3,4,6,90,90,15,1,155739,AdultFemaleAgent(Clone),11,10,1.58,1.450001,0,0,False,3,0,0
2026-03-06_21.49.02,269,sign-optimization-horizontal-vertical_scenario,561,127,3,4,6,90,90,15,1,155740,WheelchairAgent(Clone),5,10,1.3,1.17,0,0,False,2,0,0
2026-03-06_21.49.02,269,sign-optimization-horizontal-vertical_scenario,561,127,3,4,6,90,90,15,1,155741,AdultFemaleAgent(Clone),5,10,1.58,1.45,0,0,False,2,0,0
2026-03-06_21.49.02,269,sign-optimization-horizontal-vertical_scenario,561,127,3,4,6,90,90,15,1,155742,AdultFemaleAgent(Clone),6,12,1.58,1.45,0,0,True,2,1,0.5
2026-03-06_21.49.02,269,sign-optimization-horizontal-vertical_scenario,561,127,3,4,6,90,90,15,1,155743,AdultFemaleAgent(Clone),11,10,1.58,1.450001,0,0,False,3,0,0
2026-03-06_21.49.02,269,sign-optimization-horizontal-vertical_scenario,561,127,3,4,6,90,90,15,1,155744,AdultFemaleAgent(Clone),7,11,1.58,1.450001,0,0,False,2,0,0
2026-03-06_21.49.02,269,sign-optimization-horizontal-vertical_scenario,561,127,3,4,6,90,90,15,1,155745,AdultFemaleAgent(Clone),11,10,1.58,1.450001,0,0,False,3,0,0
2026-03-06_21.49.02,269,sign-optimization-horizontal-vertical_scenario,561,127,3,4,6,90,90,15,1,155746,AdultFemaleAgent(Clone),6,12,1.58,1.45,1.956055,1,False,2,0,0
2026-03-06_21.49.02,269,sign-optimization-horizontal-vertical_scenario,561,127,3,4,6,90,90,15,1,155747,AdultFemaleAgent(Clone),10,12,1.58,1.45,0,0,True,3,1,0.3333333
2026-03-06_21.49.02,269,sign-optimization-horizontal-vertical_scenario,561,127,3,4,6,90,90,15,1,155748,AdultMaleAgent(Clone),7,11,1.71,1.58,0,0,False,2,0,0
2026-03-06_21.49.02,269,sign-optimization-horizontal-vertical_scenario,561,127,3,4,6,90,90,15,1,155749,AdultMaleAgent(Clone),11,10,1.71,1.58,0,0,False,3,0,0
2026-03-06_21.49.02,269,sign-optimization-horizontal-vertical_scenario,561,127,3,4,6,90,90,15,1,155750,AdultFemaleAgent(Clone),11,10,1.58,1.450001,0.7373047,1,False,3,0,0
2026-03-06_21.49.02,269,sign-optimization-horizontal-vertical_scenario,561,127,3,4,6,90,90,15,1,155751,AdultMaleAgent(Clone),5,10,1.71,1.58,0,0,False,2,0,0
2026-03-06_21.49.02,269,sign-optimization-horizontal-vertical_scenario,561,127,3,4,6,90,90,15,1,155752,AdultMaleAgent(Clone),10,12,1.71,1.58,5.285156,1,True,3,1,0.3333333
2026-03-06_21.49.02,269,sign-optimization-horizontal-vertical_scenario,561,127,3,4,6,90,90,15,1,155753,WheelchairAgent(Clone),7,11,1.3,1.17,0,0,False,2,0,0
2026-03-06_21.49.02,269,sign-optimization-horizontal-vertical_scenario,561,127,3,4,6,90,90,15,1,155754,AdultFemaleAgent(Clone),7,11,1.58,1.450001,0,0,False,2,0,0
2026-03-06_21.49.02,269,sign-optimization-horizontal-vertical_scenario,561,127,3,4,6,90,90,15,1,155755,AdultFemaleAgent(Clone),7,11,1.58,1.450001,0,0,False,2,0,0
2026-03-06_21.49.02,269,sign-optimization-horizontal-vertical_scenario,561,127,3,4,6,90,90,15,1,155756,AdultFemaleAgent(Clone),11,10,1.58,1.450001,0,0,False,3,0,0
2026-03-06_21.49.02,269,sign-optimization-horizontal-vertical_scenario,561,127,3,4,6,90,90,15,1,155757,WheelchairAgent(Clone),11,10,1.3,1.17,0,0,False,3,0,0
2026-03-06_21.49.02,269,sign-optimization-horizontal-vertical_scenario,561,127,3,4,6,90,90,15,1,155758,AdultFemaleAgent(Clone),10,12,1.58,1.45,0,0,True,3,1,0.3333333
2026-03-06_21.49.02,269,sign-optimization-horizontal-vertical_scenario,561,127,3,4,6,90,90,15,1,155759,AdultFemaleAgent(Clone),7,11,1.58,1.450001,0,0,False,2,0,0
2026-03-06_21.49.02,269,sign-optimization-horizontal-vertical_scenario,561,127,3,4,6,90,90,15,1,155760,AdultFemaleAgent(Clone),11,10,1.58,1.450001,0,0,False,3,0,0
2026-03-06_21.49.02,269,sign-optimization-horizontal-vertical_scenario,561,127,3,4,6,90,90,15,1,155761,AdultMaleAgent(Clone),10,12,1.71,1.58,0,0,True,3,1,0.3333333
2026-03-06_21.49.02,269,sign-optimization-horizontal-vertical_scenario,561,127,3,4,6,90,90,15,1,155762,AdultFemaleAgent(Clone),6,12,1.58,1.45,2.347656,1,False,2,1,0.5
2026-03-06_21.49.02,269,sign-optimization-horizontal-vertical_scenario,561,127,3,4,6,90,90,15,1,155763,AdultMaleAgent(Clone),5,10,1.71,1.58,0,0,False,2,0,0
2026-03-06_21.49.02,269,sign-optimization-horizontal-vertical_scenario,561,127,3,4,6,90,90,15,1,155764,AdultFemaleAgent(Clone),10,12,1.58,1.45,0,0,True,3,1,0.3333333
2026-03-06_21.49.02,269,sign-optimization-horizontal-vertical_scenario,561,127,3,4,6,90,90,15,1,155765,WheelchairAgent(Clone),11,10,1.3,1.17,0.5292969,1,False,3,0,0
2026-03-06_21.49.02,269,sign-optimization-horizontal-vertical_scenario,561,127,3,4,6,90,90,15,1,155766,WheelchairAgent(Clone),5,10,1.3,1.17,0,0,False,2,0,0
2026-03-06_21.49.02,269,sign-optimization-horizontal-vertical_scenario,561,127,3,4,6,90,90,15,1,155767,AdultMaleAgent(Clone),10,12,1.71,1.58,0,0,True,3,1,0.3333333
2026-03-06_21.49.02,269,sign-optimization-horizontal-vertical_scenario,561,127,3,4,6,90,90,15,1,155768,AdultMaleAgent(Clone),6,12,1.71,1.58,0,0,False,2,0,0
2026-03-06_21.49.02,269,sign-optimization-horizontal-vertical_scenario,561,127,3,4,6,90,90,15,1,155769,AdultFemaleAgent(Clone),7,11,1.58,1.450001,0,0,False,2,0,0
2026-03-06_21.49.02,269,sign-optimization-horizontal-vertical_scenario,561,127,3,4,6,90,90,15,1,155770,WheelchairAgent(Clone),7,11,1.3,1.17,0,0,False,2,0,0
2026-03-06_21.49.02,269,sign-optimization-horizontal-vertical_scenario,561,127,3,4,6,90,90,15,1,155771,WheelchairAgent(Clone),6,12,1.3,1.17,0,0,False,2,0,0
2026-03-06_21.49.02,269,sign-optimization-horizontal-vertical_scenario,561,127,3,4,6,90,90,15,1,155772,AdultFemaleAgent(Clone),7,11,1.58,1.450001,0,0,False,2,0,0
2026-03-06_21.49.02,269,sign-optimization-horizontal-vertical_scenario,561,127,3,4,6,90,90,15,1,155773,AdultFemaleAgent(Clone),11,10,1.58,1.450001,0,0,False,3,0,0
2026-03-06_21.49.02,269,sign-optimization-horizontal-vertical_scenario,561,127,3,4,6,90,90,15,1,155774,WheelchairAgent(Clone),11,10,1.3,1.17,0.4033203,1,False,3,0,0
2026-03-06_21.49.02,269,sign-optimization-horizontal-vertical_scenario,561,127,3,4,6,90,90,15,1,155775,WheelchairAgent(Clone),7,11,1.3,1.17,0,0,False,2,0,0
2026-03-06_21.49.02,269,sign-optimization-horizontal-vertical_scenario,561,127,3,4,6,90,90,15,1,155776,AdultMaleAgent(Clone),5,10,1.71,1.58,0,0,False,2,0,0
2026-03-06_21.49.02,269,sign-optimization-horizontal-vertical_scenario,561,127,3,4,6,90,90,15,1,155777,AdultMaleAgent(Clone),11,10,1.71,1.58,0.3369141,1,False,3,0,0
2026-03-06_21.49.02,269,sign-optimization-horizontal-vertical_scenario,561,127,3,4,6,90,90,15,1,155778,WheelchairAgent(Clone),5,10,1.3,1.17,0,0,False,2,0,0
2026-03-06_21.49.02,269,sign-optimization-horizontal-vertical_scenario,561,127,3,4,6,90,90,15,1,155779,AdultFemaleAgent(Clone),7,11,1.58,1.450001,0,0,False,2,0,0
2026-03-06_21.49.02,269,sign-optimization-horizontal-vertical_scenario,561,127,3,4,6,90,90,15,1,155780,WheelchairAgent(Clone),11,10,1.3,1.17,0.4287109,1,False,3,0,0
2026-03-06_21.49.02,269,sign-optimization-horizontal-vertical_scenario,561,127,3,4,6,90,90,15,1,155781,WheelchairAgent(Clone),6,12,1.3,1.17,0,0,False,2,0,0
2026-03-06_21.49.02,269,sign-optimization-horizontal-vertical_scenario,561,127,3,4,6,90,90,15,1,155782,WheelchairAgent(Clone),10,12,1.3,1.17,0,0,False,3,0,0
2026-03-06_21.49.02,269,sign-optimization-horizontal-vertical_scenario,561,127,3,4,6,90,90,15,1,155783,WheelchairAgent(Clone),6,12,1.3,1.17,0,0,False,2,0,0
2026-03-06_21.49.02,269,sign-optimization-horizontal-vertical_scenario,561,127,3,4,6,90,90,15,1,155784,AdultFemaleAgent(Clone),11,10,1.58,1.450001,0,0,False,3,0,0
2026-03-06_21.49.02,269,sign-optimization-horizontal-vertical_scenario,561,127,3,4,6,90,90,15,1,155785,WheelchairAgent(Clone),11,10,1.3,1.17,0,0,False,3,0,0
2026-03-06_21.49.02,269,sign-optimization-horizontal-vertical_scenario,561,127,3,4,6,90,90,15,1,155786,WheelchairAgent(Clone),6,12,1.3,1.17,0,0,False,2,1,0.5
2026-03-06_21.49.02,269,sign-optimization-horizontal-vertical_scenario,561,127,3,4,6,90,90,15,1,155787,AdultMaleAgent(Clone),10,12,1.71,1.58,0,0,False,3,0,0
2026-03-06_21.49.02,269,sign-optimization-horizontal-vertical_scenario,561,127,3,4,6,90,90,15,1,155788,WheelchairAgent(Clone),5,10,1.3,1.17,0,0,False,2,0,0
2026-03-06_21.49.02,269,sign-optimization-horizontal-vertical_scenario,561,127,3,4,6,90,90,15,1,155789,AdultFemaleAgent(Clone),5,10,1.58,1.45,0,0,False,2,0,0
2026-03-06_21.49.02,269,sign-optimization-horizontal-vertical_scenario,561,127,3,4,6,90,90,15,1,155790,AdultMaleAgent(Clone),7,11,1.71,1.58,0,0,False,2,0,0
2026-03-06_21.49.02,269,sign-optimization-horizontal-vertical_scenario,561,127,3,4,6,90,90,15,1,155791,AdultFemaleAgent(Clone),11,10,1.58,1.450001,0,0,False,3,0,0
2026-03-06_21.49.02,269,sign-optimization-horizontal-vertical_scenario,561,127,3,4,6,90,90,15,1,155792,AdultMaleAgent(Clone),10,12,1.71,1.58,0,0,False,3,1,0.3333333
2026-03-06_21.49.02,269,sign-optimization-horizontal-vertical_scenario,561,127,3,4,6,90,90,15,1,155793,AdultMaleAgent(Clone),10,12,1.71,1.58,0,0,True,3,1,0.3333333
2026-03-06_21.49.02,269,sign-optimization-horizontal-vertical_scenario,561,127,3,4,6,90,90,15,1,155794,AdultFemaleAgent(Clone),11,10,1.58,1.450001,0.6855469,1,False,3,0,0
2026-03-06_21.49.02,269,sign-optimization-horizontal-vertical_scenario,561,127,3,4,6,90,90,15,1,155795,WheelchairAgent(Clone),6,12,1.3,1.17,0,0,False,2,0,0
2026-03-06_21.49.02,269,sign-optimization-horizontal-vertical_scenario,561,127,3,4,6,90,90,15,1,155796,WheelchairAgent(Clone),10,12,1.3,1.17,0,0,False,3,0,0
2026-03-06_21.49.02,269,sign-optimization-horizontal-vertical_scenario,561,127,3,4,6,90,90,15,1,155797,AdultMaleAgent(Clone),6,12,1.71,1.58,0,0,False,2,1,0.5
2026-03-06_21.49.02,269,sign-optimization-horizontal-vertical_scenario,561,127,3,4,6,90,90,15,1,155798,AdultMaleAgent(Clone),10,12,1.71,1.58,0,0,False,3,0,0
2026-03-06_21.49.02,269,sign-optimization-horizontal-vertical_scenario,561,127,3,4,6,90,90,15,1,155799,AdultMaleAgent(Clone),6,12,1.71,1.58,0,0,False,2,1,0.5
2026-03-06_21.49.02,269,sign-optimization-horizontal-vertical_scenario,561,127,3,4,6,90,90,15,1,155800,AdultFemaleAgent(Clone),6,12,1.58,1.45,0,0,False,2,0,0
2026-03-06_21.49.02,269,sign-optimization-horizontal-vertical_scenario,561,127,3,4,6,90,90,15,1,155801,AdultFemaleAgent(Clone),10,12,1.58,1.45,0,0,False,3,0,0
2026-03-06_21.49.02,269,sign-optimization-horizontal-vertical_scenario,561,127,3,4,6,90,90,15,1,155802,WheelchairAgent(Clone),11,10,1.3,1.17,1.176758,1,False,3,0,0
2026-03-06_21.49.02,269,sign-optimization-horizontal-vertical_scenario,561,127,3,4,6,90,90,15,1,155803,AdultFemaleAgent(Clone),7,11,1.58,1.450001,0,0,False,2,0,0
2026-03-06_21.49.02,269,sign-optimization-horizontal-vertical_scenario,561,127,3,4,6,90,90,15,1,155804,AdultMaleAgent(Clone),7,11,1.71,1.58,0,0,False,2,0,0
2026-03-06_21.49.02,269,sign-optimization-horizontal-vertical_scenario,561,127,3,4,6,90,90,15,1,155805,AdultFemaleAgent(Clone),7,11,1.58,1.450001,0,0,False,2,0,0
2026-03-06_21.49.02,269,sign-optimization-horizontal-vertical_scenario,561,127,3,4,6,90,90,15,1,155806,AdultFemaleAgent(Clone),11,10,1.58,1.450001,0,0,False,3,0,0
2026-03-06_21.49.02,269,sign-optimization-horizontal-vertical_scenario,561,127,3,4,6,90,90,15,1,155807,AdultMaleAgent(Clone),6,12,1.71,1.58,0,0,False,2,0,0
2026-03-06_21.49.02,269,sign-optimization-horizontal-vertical_scenario,561,127,3,4,6,90,90,15,1,155808,AdultMaleAgent(Clone),5,10,1.71,1.58,0,0,False,2,0,0
2026-03-06_21.49.02,269,sign-optimization-horizontal-vertical_scenario,561,127,3,4,6,90,90,15,1,155809,AdultFemaleAgent(Clone),7,11,1.58,1.450001,0,0,False,2,0,0
2026-03-06_21.49.02,269,sign-optimization-horizontal-vertical_scenario,561,127,3,4,6,90,90,15,1,155810,AdultFemaleAgent(Clone),7,11,1.58,1.450001,0,0,False,2,0,0
2026-03-06_21.49.02,269,sign-optimization-horizontal-vertical_scenario,561,127,3,4,6,90,90,15,1,155811,WheelchairAgent(Clone),7,11,1.3,1.17,0,0,False,2,0,0
2026-03-06_21.49.02,269,sign-optimization-horizontal-vertical_scenario,561,127,3,4,6,90,90,15,1,155812,AdultMaleAgent(Clone),10,12,1.71,1.58,0,0,False,3,0,0
2026-03-06_21.49.02,269,sign-optimization-horizontal-vertical_scenario,561,127,3,4,6,90,90,15,1,155813,AdultFemaleAgent(Clone),11,10,1.58,1.450001,0,0,False,3,0,0
2026-03-06_21.49.02,269,sign-optimization-horizontal-vertical_scenario,561,127,3,4,6,90,90,15,1,155814,AdultMaleAgent(Clone),7,11,1.71,1.58,0,0,False,2,0,0
2026-03-06_21.49.02,269,sign-optimization-horizontal-vertical_scenario,561,127,3,4,6,90,90,15,1,155815,AdultFemaleAgent(Clone),11,10,1.58,1.450001,0,0,False,3,0,0
2026-03-06_21.49.02,269,sign-optimization-horizontal-vertical_scenario,561,127,3,4,6,90,90,15,1,155816,AdultMaleAgent(Clone),6,12,1.71,1.58,0,0,False,2,0,0
2026-03-06_21.49.02,269,sign-optimization-horizontal-vertical_scenario,561,127,3,4,6,90,90,15,1,155817,AdultFemaleAgent(Clone),7,11,1.58,1.450001,0,0,False,2,0,0
2026-03-06_21.49.02,269,sign-optimization-horizontal-vertical_scenario,561,127,3,4,6,90,90,15,1,155818,AdultFemaleAgent(Clone),6,12,1.58,1.45,0,0,False,2,0,0
2026-03-06_21.49.02,269,sign-optimization-horizontal-vertical_scenario,561,127,3,4,6,90,90,15,1,155819,AdultFemaleAgent(Clone),5,10,1.58,1.45,0,0,False,2,0,0
2026-03-06_21.49.02,269,sign-optimization-horizontal-vertical_scenario,561,127,3,4,6,90,90,15,1,155820,WheelchairAgent(Clone),5,10,1.3,1.17,0,0,False,2,0,0
2026-03-06_21.49.02,269,sign-optimization-horizontal-vertical_scenario,561,127,3,4,6,90,90,15,1,155821,AdultFemaleAgent(Clone),7,11,1.58,1.450001,0,0,False,2,0,0
2026-03-06_21.49.02,269,sign-optimization-horizontal-vertical_scenario,561,127,3,4,6,90,90,15,1,155822,AdultFemaleAgent(Clone),7,11,1.58,1.450001,0,0,False,2,0,0
2026-03-06_21.49.02,269,sign-optimization-horizontal-vertical_scenario,561,127,3,4,6,90,90,15,1,155823,AdultMaleAgent(Clone),10,12,1.71,1.58,0,0,False,3,0,0
2026-03-06_21.49.02,269,sign-optimization-horizontal-vertical_scenario,561,127,3,4,6,90,90,15,1,155824,WheelchairAgent(Clone),10,12,1.3,1.17,0,0,False,3,0,0
2026-03-06_21.49.02,269,sign-optimization-horizontal-vertical_scenario,561,127,3,4,6,90,90,15,1,155825,AdultFemaleAgent(Clone),10,12,1.58,1.45,0,0,False,3,0,0
2026-03-06_21.49.02,269,sign-optimization-horizontal-vertical_scenario,561,127,3,4,6,90,90,15,1,155826,AdultMaleAgent(Clone),11,10,1.71,1.58,0,0,False,3,0,0
2026-03-06_21.49.02,269,sign-optimization-horizontal-vertical_scenario,561,127,3,4,6,90,90,15,1,155827,AdultFemaleAgent(Clone),7,11,1.58,1.450001,0,0,False,2,0,0
2026-03-06_21.49.02,269,sign-optimization-horizontal-vertical_scenario,561,127,3,4,6,90,90,15,1,155828,AdultMaleAgent(Clone),10,12,1.71,1.58,0,0,False,3,0,0
2026-03-06_21.49.02,269,sign-optimization-horizontal-vertical_scenario,561,127,3,4,6,90,90,15,1,155829,AdultFemaleAgent(Clone),10,12,1.58,1.45,0,0,False,3,0,0
2026-03-06_21.49.02,269,sign-optimization-horizontal-vertical_scenario,561,127,3,4,6,90,90,15,1,155830,WheelchairAgent(Clone),11,10,1.3,1.17,0,0,False,3,0,0
2026-03-06_21.49.02,269,sign-optimization-horizontal-vertical_scenario,561,127,3,4,6,90,90,15,1,155831,AdultFemaleAgent(Clone),10,12,1.58,1.45,0,0,False,3,0,0
2026-03-06_21.49.02,269,sign-optimization-horizontal-vertical_scenario,561,127,3,4,6,90,90,15,1,155832,WheelchairAgent(Clone),6,12,1.3,1.17,0,0,False,2,0,0
2026-03-06_21.49.02,269,sign-optimization-horizontal-vertical_scenario,561,127,3,4,6,90,90,15,1,155833,WheelchairAgent(Clone),11,10,1.3,1.17,0,0,False,3,0,0
2026-03-06_21.49.02,269,sign-optimization-horizontal-vertical_scenario,561,127,3,4,6,90,90,15,1,155834,AdultFemaleAgent(Clone),7,11,1.58,1.450001,0,0,False,2,0,0
2026-03-06_21.49.02,269,sign-optimization-horizontal-vertical_scenario,561,127,3,4,6,90,90,15,1,155835,WheelchairAgent(Clone),11,10,1.3,1.17,0.03417969,1,False,3,0,0
2026-03-06_21.49.02,269,sign-optimization-horizontal-vertical_scenario,561,127,3,4,6,90,90,15,1,155836,WheelchairAgent(Clone),7,11,1.3,1.17,0,0,False,2,0,0
2026-03-06_21.49.02,269,sign-optimization-horizontal-vertical_scenario,561,127,3,4,6,90,90,15,1,155837,WheelchairAgent(Clone),10,12,1.3,1.17,0,0,False,3,0,0
2026-03-06_21.49.02,269,sign-optimization-horizontal-vertical_scenario,561,127,3,4,6,90,90,15,1,155838,WheelchairAgent(Clone),5,10,1.3,1.17,0,0,False,2,0,0
2026-03-06_21.49.02,269,sign-optimization-horizontal-vertical_scenario,561,127,3,4,6,90,90,15,1,155839,WheelchairAgent(Clone),11,10,1.3,1.17,0,0,False,3,0,0
2026-03-06_21.49.02,269,sign-optimization-horizontal-vertical_scenario,561,127,3,4,6,90,90,15,1,155840,AdultMaleAgent(Clone),7,11,1.71,1.58,0,0,False,2,0,0
2026-03-06_21.49.02,269,sign-optimization-horizontal-vertical_scenario,561,127,3,4,6,90,90,15,1,155841,AdultMaleAgent(Clone),7,11,1.71,1.58,0,0,False,2,0,0
2026-03-06_21.49.02,269,sign-optimization-horizontal-vertical_scenario,561,127,3,4,6,90,90,15,1,155842,AdultFemaleAgent(Clone),5,10,1.58,1.45,0,0,False,2,0,0
2026-03-06_21.49.02,269,sign-optimization-horizontal-vertical_scenario,561,127,3,4,6,90,90,15,1,155843,WheelchairAgent(Clone),7,11,1.3,1.17,0,0,False,2,0,0
2026-03-06_21.49.02,269,sign-optimization-horizontal-vertical_scenario,561,127,3,4,6,90,90,15,1,155844,AdultMaleAgent(Clone),11,10,1.71,1.58,0,0,False,3,0,0
2026-03-06_21.49.02,269,sign-optimization-horizontal-vertical_scenario,561,127,3,4,6,90,90,15,1,155845,WheelchairAgent(Clone),5,10,1.3,1.17,0,0,False,2,0,0
2026-03-06_21.49.02,269,sign-optimization-horizontal-vertical_scenario,561,127,3,4,6,90,90,15,1,155846,AdultMaleAgent(Clone),10,12,1.71,1.58,0,0,False,3,0,0
2026-03-06_21.49.02,269,sign-optimization-horizontal-vertical_scenario,561,127,3,4,6,90,90,15,1,155847,WheelchairAgent(Clone),7,11,1.3,1.17,0,0,False,2,0,0
2026-03-06_21.49.02,269,sign-optimization-horizontal-vertical_scenario,561,127,3,4,6,90,90,15,1,155848,AdultFemaleAgent(Clone),10,12,1.58,1.45,0,0,False,3,0,0
2026-03-06_21.49.02,269,sign-optimization-horizontal-vertical_scenario,561,127,3,4,6,90,90,15,1,155849,AdultFemaleAgent(Clone),6,12,1.58,1.45,0,0,False,2,0,0
2026-03-06_21.49.02,269,sign-optimization-horizontal-vertical_scenario,561,127,3,4,6,90,90,15,1,155850,WheelchairAgent(Clone),10,12,1.3,1.17,0,0,False,3,0,0
2026-03-06_21.49.02,269,sign-optimization-horizontal-vertical_scenario,561,127,3,4,6,90,90,15,1,155851,AdultFemaleAgent(Clone),7,11,1.58,1.450001,0,0,False,2,0,0
2026-03-06_21.49.02,269,sign-optimization-horizontal-vertical_scenario,561,127,3,4,6,90,90,15,1,155852,AdultMaleAgent(Clone),5,10,1.71,1.58,0,0,False,2,0,0
2026-03-06_21.49.02,269,sign-optimization-horizontal-vertical_scenario,561,127,3,4,6,90,90,15,1,155853,AdultMaleAgent(Clone),7,11,1.71,1.58,0,0,False,2,0,0
2026-03-06_21.49.02,269,sign-optimization-horizontal-vertical_scenario,561,127,3,4,6,90,90,15,1,155854,WheelchairAgent(Clone),10,12,1.3,1.17,0,0,False,3,0,0
2026-03-06_21.49.02,269,sign-optimization-horizontal-vertical_scenario,561,127,3,4,6,90,90,15,1,155855,WheelchairAgent(Clone),5,10,1.3,1.17,0,0,False,2,0,0
2026-03-06_21.49.02,269,sign-optimization-horizontal-vertical_scenario,561,127,3,4,6,90,90,15,1,155856,AdultFemaleAgent(Clone),5,10,1.58,1.45,0,0,False,2,0,0
2026-03-06_21.49.02,269,sign-optimization-horizontal-vertical_scenario,561,127,3,4,6,90,90,15,1,155857,WheelchairAgent(Clone),10,12,1.3,1.17,0,0,False,3,0,0
2026-03-06_21.49.02,269,sign-optimization-horizontal-vertical_scenario,561,127,3,4,6,90,90,15,1,155858,AdultFemaleAgent(Clone),5,10,1.58,1.45,0,0,False,2,0,0
2026-03-06_21.49.02,269,sign-optimization-horizontal-vertical_scenario,561,127,3,4,6,90,90,15,1,155859,AdultMaleAgent(Clone),11,10,1.71,1.58,0,0,False,3,0,0
2026-03-06_21.49.02,269,sign-optimization-horizontal-vertical_scenario,561,127,3,4,6,90,90,15,1,155860,WheelchairAgent(Clone),5,10,1.3,1.17,0,0,False,2,0,0
2026-03-06_21.49.02,269,sign-optimization-horizontal-vertical_scenario,561,127,3,4,6,90,90,15,1,155861,AdultFemaleAgent(Clone),10,12,1.58,1.45,0,0,False,3,0,0
2026-03-06_21.49.02,269,sign-optimization-horizontal-vertical_scenario,561,127,3,4,6,90,90,15,1,155862,AdultFemaleAgent(Clone),11,10,1.58,1.450001,0,0,False,3,0,0
2026-03-06_21.49.02,269,sign-optimization-horizontal-vertical_scenario,561,127,3,4,6,90,90,15,1,155863,AdultMaleAgent(Clone),11,10,1.71,1.58,0,0,False,3,0,0
2026-03-06_21.49.02,269,sign-optimization-horizontal-vertical_scenario,561,127,3,4,6,90,90,15,1,155864,AdultMaleAgent(Clone),5,10,1.71,1.58,0,0,False,2,0,0
2026-03-06_21.49.02,269,sign-optimization-horizontal-vertical_scenario,561,127,3,4,6,90,90,15,1,155865,AdultMaleAgent(Clone),5,10,1.71,1.58,0,0,False,2,0,0
2026-03-06_21.49.02,269,sign-optimization-horizontal-vertical_scenario,561,127,3,4,6,90,90,15,1,155866,AdultFemaleAgent(Clone),7,11,1.58,1.450001,0,0,False,2,0,0
2026-03-06_21.49.02,269,sign-optimization-horizontal-vertical_scenario,561,127,3,4,6,90,90,15,1,155867,AdultMaleAgent(Clone),6,12,1.71,1.58,0,0,False,2,0,0
2026-03-06_21.49.02,269,sign-optimization-horizontal-vertical_scenario,561,127,3,4,6,90,90,15,1,155868,AdultFemaleAgent(Clone),11,10,1.58,1.450001,0,0,False,3,0,0
2026-03-06_21.49.02,269,sign-optimization-horizontal-vertical_scenario,561,127,3,4,6,90,90,15,1,155869,AdultFemaleAgent(Clone),7,11,1.58,1.450001,0,0,False,2,0,0
2026-03-06_21.49.02,269,sign-optimization-horizontal-vertical_scenario,561,127,3,4,6,90,90,15,1,155870,AdultMaleAgent(Clone),7,11,1.71,1.58,0,0,False,2,0,0
2026-03-06_21.49.02,269,sign-optimization-horizontal-vertical_scenario,561,127,3,4,6,90,90,15,1,155871,WheelchairAgent(Clone),6,12,1.3,1.17,0,0,False,2,0,0
2026-03-06_21.49.02,269,sign-optimization-horizontal-vertical_scenario,561,127,3,4,6,90,90,15,1,155872,WheelchairAgent(Clone),6,12,1.3,1.17,0,0,False,2,0,0
2026-03-06_21.49.02,269,sign-optimization-horizontal-vertical_scenario,561,127,3,4,6,90,90,15,1,155873,AdultMaleAgent(Clone),7,11,1.71,1.58,0,0,False,2,0,0
2026-03-06_21.49.02,269,sign-optimization-horizontal-vertical_scenario,561,127,3,4,6,90,90,15,1,155874,WheelchairAgent(Clone),6,12,1.3,1.17,0,0,False,2,0,0
2026-03-06_21.49.02,269,sign-optimization-horizontal-vertical_scenario,561,127,3,4,6,90,90,15,1,155875,WheelchairAgent(Clone),10,12,1.3,1.17,0,0,False,3,0,0
2026-03-06_21.49.02,269,sign-optimization-horizontal-vertical_scenario,561,127,3,4,6,90,90,15,1,155876,AdultMaleAgent(Clone),10,12,1.71,1.58,0,0,False,3,0,0
2026-03-06_21.49.02,269,sign-optimization-horizontal-vertical_scenario,561,127,3,4,6,90,90,15,1,155877,AdultFemaleAgent(Clone),7,11,1.58,1.450001,0,0,False,2,0,0
2026-03-06_21.49.02,269,sign-optimization-horizontal-vertical_scenario,561,127,3,4,6,90,90,15,1,155878,AdultFemaleAgent(Clone),6,12,1.58,1.45,0,0,False,2,0,0
2026-03-06_21.49.02,269,sign-optimization-horizontal-vertical_scenario,561,127,3,4,6,90,90,15,1,155879,AdultFemaleAgent(Clone),6,12,1.58,1.45,0,0,False,2,0,0
2026-03-06_21.49.02,269,sign-optimization-horizontal-vertical_scenario,561,127,3,4,6,90,90,15,1,155880,AdultMaleAgent(Clone),11,10,1.71,1.58,0,0,False,3,0,0
2026-03-06_21.49.02,269,sign-optimization-horizontal-vertical_scenario,561,127,3,4,6,90,90,15,1,155881,AdultFemaleAgent(Clone),7,11,1.58,1.450001,0,0,False,2,0,0
2026-03-06_21.49.02,269,sign-optimization-horizontal-vertical_scenario,561,127,3,4,6,90,90,15,1,155882,AdultFemaleAgent(Clone),6,12,1.58,1.45,0,0,False,2,0,0
2026-03-06_21.49.02,269,sign-optimization-horizontal-vertical_scenario,561,127,3,4,6,90,90,15,1,155883,AdultFemaleAgent(Clone),5,10,1.58,1.45,0,0,False,2,0,0
2026-03-06_21.49.02,269,sign-optimization-horizontal-vertical_scenario,561,127,3,4,6,90,90,15,1,155884,AdultMaleAgent(Clone),11,10,1.71,1.58,0,0,False,3,0,0
2026-03-06_21.49.02,269,sign-optimization-horizontal-vertical_scenario,561,127,3,4,6,90,90,15,1,155885,AdultFemaleAgent(Clone),10,12,1.58,1.45,0,0,False,3,0,0
2026-03-06_21.49.02,269,sign-optimization-horizontal-vertical_scenario,561,127,3,4,6,90,90,15,1,155886,WheelchairAgent(Clone),7,11,1.3,1.17,0,0,False,2,0,0
2026-03-06_21.49.02,269,sign-optimization-horizontal-vertical_scenario,561,127,3,4,6,90,90,15,1,155887,AdultMaleAgent(Clone),11,10,1.71,1.58,0,0,False,3,0,0
2026-03-06_21.49.02,269,sign-optimization-horizontal-vertical_scenario,561,127,3,4,6,90,90,15,1,155888,AdultMaleAgent(Clone),11,10,1.71,1.58,0,0,False,3,0,0
2026-03-06_21.49.02,269,sign-optimization-horizontal-vertical_scenario,561,127,3,4,6,90,90,15,1,155889,AdultFemaleAgent(Clone),11,10,1.58,1.450001,0,0,False,3,0,0
2026-03-06_21.49.02,269,sign-optimization-horizontal-vertical_scenario,561,127,3,4,6,90,90,15,1,155890,AdultMaleAgent(Clone),6,12,1.71,1.58,0,0,False,2,0,0
2026-03-06_21.49.02,269,sign-optimization-horizontal-vertical_scenario,561,127,3,4,6,90,90,15,1,155891,WheelchairAgent(Clone),6,12,1.3,1.17,0,0,False,2,0,0
2026-03-06_21.49.02,269,sign-optimization-horizontal-vertical_scenario,561,127,3,4,6,90,90,15,1,155892,WheelchairAgent(Clone),7,11,1.3,1.17,0,0,False,2,0,0
2026-03-06_21.49.02,269,sign-optimization-horizontal-vertical_scenario,561,127,3,4,6,90,90,15,1,155893,WheelchairAgent(Clone),6,12,1.3,1.17,0,0,False,2,0,0
2026-03-06_21.49.02,269,sign-optimization-horizontal-vertical_scenario,561,127,3,4,6,90,90,15,1,155894,AdultMaleAgent(Clone),11,10,1.71,1.58,0,0,False,3,0,0
2026-03-06_21.49.02,269,sign-optimization-horizontal-vertical_scenario,561,127,3,4,6,90,90,15,1,155895,AdultMaleAgent(Clone),5,10,1.71,1.58,0,0,False,2,0,0
2026-03-06_21.49.02,269,sign-optimization-horizontal-vertical_scenario,561,127,3,4,6,90,90,15,1,155896,AdultFemaleAgent(Clone),11,10,1.58,1.450001,0,0,False,3,0,0
2026-03-06_21.49.02,269,sign-optimization-horizontal-vertical_scenario,561,127,3,4,6,90,90,15,1,155897,WheelchairAgent(Clone),10,12,1.3,1.17,0,0,False,3,0,0
2026-03-06_21.49.02,269,sign-optimization-horizontal-vertical_scenario,561,127,3,4,6,90,90,15,1,155898,WheelchairAgent(Clone),7,11,1.3,1.17,0,0,False,2,0,0
2026-03-06_21.49.02,269,sign-optimization-horizontal-vertical_scenario,561,127,3,4,6,90,90,15,1,155899,WheelchairAgent(Clone),5,10,1.3,1.17,0,0,False,2,0,0
2026-03-06_21.49.02,269,sign-optimization-horizontal-vertical_scenario,561,127,3,4,6,90,90,15,1,155900,AdultFemaleAgent(Clone),6,12,1.58,1.45,0,0,False,2,0,0
2026-03-06_21.49.02,269,sign-optimization-horizontal-vertical_scenario,561,127,3,4,6,90,90,15,1,155901,AdultMaleAgent(Clone),11,10,1.71,1.58,0,0,False,3,0,0
2026-03-06_21.49.02,269,sign-optimization-horizontal-vertical_scenario,561,127,3,4,6,90,90,15,1,155902,AdultMaleAgent(Clone),5,10,1.71,1.58,0,0,False,2,0,0
2026-03-06_21.49.02,269,sign-optimization-horizontal-vertical_scenario,561,127,3,4,6,90,90,15,1,155903,WheelchairAgent(Clone),10,12,1.3,1.17,0,0,False,3,0,0
2026-03-06_21.49.02,269,sign-optimization-horizontal-vertical_scenario,561,127,3,4,6,90,90,15,1,155904,AdultFemaleAgent(Clone),6,12,1.58,1.45,0,0,False,2,0,0
2026-03-06_21.49.02,269,sign-optimization-horizontal-vertical_scenario,561,127,3,4,6,90,90,15,1,155905,AdultMaleAgent(Clone),10,12,1.71,1.58,0,0,False,3,0,0
2026-03-06_21.49.02,269,sign-optimization-horizontal-vertical_scenario,561,127,3,4,6,90,90,15,1,155906,AdultFemaleAgent(Clone),6,12,1.58,1.45,0,0,False,2,0,0
2026-03-06_21.49.02,269,sign-optimization-horizontal-vertical_scenario,561,127,3,4,6,90,90,15,1,155907,AdultFemaleAgent(Clone),11,10,1.58,1.450001,0,0,False,3,0,0
2026-03-06_21.49.02,269,sign-optimization-horizontal-vertical_scenario,561,127,3,4,6,90,90,15,1,155908,AdultFemaleAgent(Clone),11,10,1.58,1.450001,0,0,False,3,0,0
2026-03-06_21.49.02,269,sign-optimization-horizontal-vertical_scenario,561,127,3,4,6,90,90,15,1,155909,WheelchairAgent(Clone),6,12,1.3,1.17,0,0,False,2,0,0
2026-03-06_21.49.02,269,sign-optimization-horizontal-vertical_scenario,561,127,3,4,6,90,90,15,1,155910,AdultMaleAgent(Clone),10,12,1.71,1.58,0,0,False,3,0,0
2026-03-06_21.49.02,269,sign-optimization-horizontal-vertical_scenario,561,127,3,4,6,90,90,15,1,155911,AdultFemaleAgent(Clone),6,12,1.58,1.45,0,0,False,2,0,0
2026-03-06_21.49.02,269,sign-optimization-horizontal-vertical_scenario,561,127,3,4,6,90,90,15,1,155912,WheelchairAgent(Clone),7,11,1.3,1.17,0,0,False,2,0,0
2026-03-06_21.49.02,269,sign-optimization-horizontal-vertical_scenario,561,127,3,4,6,90,90,15,1,155913,WheelchairAgent(Clone),5,10,1.3,1.17,0,0,False,2,0,0
2026-03-06_21.49.02,269,sign-optimization-horizontal-vertical_scenario,561,127,3,4,6,90,90,15,1,155914,AdultFemaleAgent(Clone),11,10,1.58,1.450001,0,0,False,3,0,0
2026-03-06_21.49.02,269,sign-optimization-horizontal-vertical_scenario,561,127,3,4,6,90,90,15,1,155915,WheelchairAgent(Clone),5,10,1.3,1.17,0,0,False,2,0,0
2026-03-06_21.49.02,269,sign-optimization-horizontal-vertical_scenario,561,127,3,4,6,90,90,15,1,155916,AdultMaleAgent(Clone),11,10,1.71,1.58,0,0,False,3,0,0
2026-03-06_21.49.02,269,sign-optimization-horizontal-vertical_scenario,561,127,3,4,6,90,90,15,1,155917,WheelchairAgent(Clone),5,10,1.3,1.17,0,0,False,2,0,0
